

Software Version	3.04.17

Procedure Details

Plate Type	Nunc 96 flat bottom clear 260860 (Use plate lid)
Eject plate on completion	
Set Temperature	Setpoint 30°C, Gradient 0 °C
Start Kinetic	Runtime 24:00:00 (HH:MM:SS), Interval 0:10:00, 145 Reads
    Shake	Double Orbital: Continuous
	Frequency: 807 cpm (1 mm)
    Read	OD
	Absorbance Endpoint
	Full Plate
	Wavelengths:  600
	Read Speed: Normal,  Delay: 50 msec,  Measurements/Data Point: 8
End Kinetic	

OD:600

Time	T° OD:600	A1	A2	A3	A4	A5	A6	A7	A8	A9	A10	A11	A12	B1	B2	B3	B4	B5	B6	B7	B8	B9	B10	B11	B12	C1	C2	C3	C4	C5	C6	C7	C8	C9	C10	C11	C12	D1	D2	D3	D4	D5	D6	D7	D8	D9	D10	D11	D12	E1	E2	E3	E4	E5	E6	E7	E8	E9	E10	E11	E12	F1	F2	F3	F4	F5	F6	F7	F8	F9	F10	F11	F12	G1	G2	G3	G4	G5	G6	G7	G8	G9	G10	G11	G12	H1	H2	H3	H4	H5	H6	H7	H8	H9	H10	H11	H12
0:09:35	30.3	0.093	0.093	0.095	0.092	0.094	0.093	0.094	0.093	0.094	0.094	0.095	0.095	0.095	0.096	0.096	0.095	0.094	0.094	0.094	0.094	0.095	0.097	0.096	0.095	0.093	0.092	0.102	0.093	0.092	0.093	0.093	0.094	0.093	0.095	0.093	0.094	0.100	0.092	0.095	0.094	0.094	0.094	0.094	0.093	0.093	0.096	0.094	0.094	0.093	0.094	0.097	0.094	0.094	0.094	0.094	0.094	0.094	0.096	0.095	0.093	0.096	0.093	0.093	0.094	0.094	0.094	0.094	0.094	0.094	0.094	0.096	0.095	0.095	0.094	0.094	0.093	0.093	0.094	0.093	0.095	0.094	0.093	0.094	0.099	0.094	0.094	0.093	0.093	0.094	0.096	0.094	0.094	0.093	0.095	0.095	0.095
0:19:35	30.5	0.093	0.094	0.094	0.093	0.094	0.093	0.094	0.094	0.095	0.095	0.095	0.095	0.095	0.095	0.096	0.095	0.094	0.094	0.094	0.094	0.093	0.097	0.095	0.095	0.094	0.092	0.102	0.093	0.092	0.094	0.093	0.094	0.093	0.096	0.094	0.094	0.101	0.092	0.095	0.095	0.094	0.095	0.095	0.093	0.093	0.096	0.094	0.094	0.093	0.095	0.097	0.094	0.094	0.094	0.094	0.094	0.094	0.096	0.095	0.093	0.096	0.093	0.093	0.094	0.094	0.094	0.095	0.094	0.094	0.094	0.096	0.095	0.095	0.094	0.094	0.093	0.093	0.094	0.094	0.095	0.094	0.093	0.094	0.099	0.095	0.095	0.093	0.093	0.094	0.095	0.094	0.094	0.093	0.095	0.097	0.095
0:29:35	30.7	0.093	0.094	0.095	0.093	0.094	0.094	0.095	0.094	0.095	0.095	0.095	0.095	0.095	0.095	0.096	0.095	0.095	0.094	0.094	0.094	0.093	0.097	0.095	0.095	0.094	0.093	0.103	0.093	0.093	0.094	0.094	0.094	0.093	0.096	0.094	0.094	0.101	0.093	0.095	0.095	0.095	0.095	0.095	0.093	0.093	0.096	0.094	0.094	0.093	0.095	0.098	0.095	0.094	0.094	0.094	0.094	0.095	0.096	0.095	0.093	0.096	0.093	0.093	0.094	0.094	0.095	0.095	0.094	0.095	0.094	0.096	0.096	0.095	0.095	0.094	0.094	0.093	0.094	0.094	0.095	0.094	0.093	0.094	0.099	0.095	0.095	0.093	0.093	0.094	0.095	0.094	0.095	0.094	0.095	0.097	0.095
0:39:35	30.9	0.093	0.094	0.095	0.093	0.094	0.094	0.095	0.095	0.096	0.095	0.095	0.096	0.095	0.096	0.096	0.095	0.094	0.094	0.094	0.094	0.093	0.097	0.095	0.095	0.094	0.093	0.102	0.094	0.093	0.094	0.094	0.094	0.093	0.097	0.095	0.095	0.100	0.093	0.095	0.095	0.095	0.095	0.095	0.093	0.094	0.097	0.094	0.095	0.094	0.095	0.098	0.095	0.095	0.095	0.095	0.095	0.095	0.096	0.096	0.094	0.097	0.093	0.094	0.095	0.095	0.095	0.095	0.095	0.095	0.095	0.096	0.096	0.096	0.095	0.095	0.094	0.094	0.094	0.094	0.096	0.095	0.094	0.095	0.100	0.095	0.095	0.094	0.094	0.095	0.095	0.095	0.095	0.094	0.096	0.097	0.096
0:49:35	31.1	0.094	0.098	0.096	0.094	0.095	0.095	0.096	0.095	0.096	0.096	0.096	0.096	0.096	0.096	0.096	0.096	0.095	0.094	0.094	0.095	0.093	0.097	0.095	0.095	0.094	0.093	0.102	0.094	0.093	0.094	0.094	0.095	0.094	0.097	0.095	0.096	0.094	0.093	0.096	0.095	0.095	0.095	0.095	0.093	0.094	0.097	0.095	0.095	0.094	0.096	0.098	0.095	0.095	0.095	0.095	0.095	0.095	0.097	0.096	0.094	0.097	0.094	0.094	0.095	0.095	0.095	0.096	0.095	0.096	0.095	0.097	0.096	0.096	0.095	0.095	0.094	0.094	0.095	0.095	0.096	0.095	0.094	0.095	0.100	0.095	0.096	0.094	0.095	0.095	0.096	0.095	0.096	0.095	0.096	0.098	0.096
0:59:35	31.3	0.095	0.096	0.097	0.094	0.096	0.095	0.096	0.096	0.097	0.096	0.096	0.097	0.096	0.096	0.096	0.095	0.095	0.094	0.094	0.095	0.094	0.097	0.095	0.095	0.095	0.093	0.102	0.094	0.093	0.094	0.094	0.095	0.094	0.096	0.096	0.096	0.098	0.093	0.096	0.096	0.095	0.096	0.096	0.094	0.094	0.097	0.095	0.095	0.095	0.095	0.098	0.096	0.095	0.095	0.095	0.095	0.096	0.097	0.097	0.094	0.098	0.094	0.095	0.095	0.096	0.096	0.096	0.096	0.096	0.095	0.097	0.097	0.096	0.096	0.096	0.095	0.095	0.096	0.095	0.097	0.096	0.095	0.096	0.101	0.096	0.097	0.095	0.095	0.096	0.096	0.096	0.096	0.095	0.097	0.099	0.097
1:09:35	31.4	0.096	0.101	0.097	0.095	0.097	0.096	0.097	0.097	0.098	0.097	0.097	0.098	0.096	0.096	0.096	0.096	0.095	0.095	0.094	0.094	0.094	0.097	0.095	0.095	0.095	0.094	0.102	0.095	0.093	0.095	0.095	0.095	0.094	0.097	0.097	0.096	0.099	0.094	0.096	0.096	0.096	0.096	0.096	0.094	0.095	0.098	0.096	0.096	0.095	0.097	0.099	0.096	0.096	0.096	0.096	0.096	0.096	0.098	0.098	0.095	0.098	0.095	0.095	0.096	0.096	0.097	0.097	0.096	0.097	0.097	0.098	0.098	0.098	0.097	0.097	0.096	0.096	0.097	0.096	0.098	0.097	0.096	0.097	0.102	0.097	0.098	0.096	0.096	0.097	0.098	0.097	0.097	0.096	0.098	0.100	0.098
1:19:35	31.5	0.097	0.098	0.099	0.097	0.098	0.097	0.099	0.098	0.099	0.099	0.099	0.100	0.096	0.096	0.096	0.096	0.095	0.094	0.094	0.095	0.094	0.097	0.095	0.095	0.095	0.094	0.103	0.095	0.094	0.095	0.095	0.095	0.095	0.097	0.097	0.096	0.096	0.095	0.097	0.097	0.096	0.097	0.097	0.095	0.096	0.098	0.096	0.096	0.096	0.097	0.100	0.097	0.097	0.097	0.097	0.097	0.097	0.099	0.098	0.096	0.100	0.096	0.097	0.097	0.098	0.098	0.098	0.098	0.098	0.098	0.099	0.099	0.099	0.098	0.098	0.097	0.097	0.098	0.098	0.099	0.098	0.097	0.098	0.103	0.099	0.099	0.097	0.097	0.098	0.099	0.098	0.099	0.098	0.099	0.101	0.100
1:29:35	31.6	0.099	0.100	0.100	0.098	0.099	0.099	0.101	0.100	0.101	0.101	0.101	0.101	0.096	0.096	0.097	0.096	0.095	0.095	0.094	0.095	0.094	0.097	0.095	0.095	0.096	0.095	0.103	0.095	0.095	0.096	0.096	0.096	0.095	0.097	0.098	0.097	0.098	0.095	0.098	0.097	0.097	0.097	0.098	0.096	0.098	0.099	0.097	0.097	0.097	0.099	0.101	0.098	0.098	0.098	0.098	0.098	0.098	0.100	0.099	0.097	0.101	0.098	0.098	0.099	0.099	0.099	0.100	0.099	0.099	0.099	0.100	0.101	0.100	0.099	0.099	0.099	0.099	0.099	0.099	0.101	0.100	0.099	0.100	0.105	0.100	0.101	0.098	0.099	0.100	0.101	0.100	0.101	0.100	0.101	0.103	0.102
1:39:35	31.8	0.101	0.102	0.103	0.101	0.102	0.102	0.103	0.103	0.103	0.103	0.104	0.104	0.096	0.096	0.097	0.096	0.095	0.095	0.094	0.095	0.095	0.097	0.095	0.095	0.097	0.095	0.103	0.096	0.095	0.096	0.096	0.097	0.095	0.098	0.098	0.097	0.104	0.096	0.099	0.098	0.098	0.099	0.099	0.097	0.098	0.100	0.098	0.098	0.099	0.100	0.103	0.100	0.100	0.100	0.100	0.100	0.100	0.101	0.101	0.098	0.103	0.099	0.100	0.101	0.101	0.102	0.102	0.101	0.101	0.101	0.102	0.103	0.102	0.101	0.102	0.101	0.101	0.102	0.102	0.103	0.102	0.101	0.102	0.107	0.102	0.104	0.101	0.101	0.102	0.103	0.102	0.104	0.102	0.103	0.105	0.104
1:49:35	31.9	0.105	0.105	0.106	0.104	0.105	0.105	0.107	0.106	0.107	0.107	0.107	0.108	0.096	0.096	0.097	0.096	0.095	0.095	0.094	0.095	0.094	0.097	0.095	0.095	0.097	0.096	0.105	0.097	0.096	0.097	0.097	0.097	0.096	0.098	0.099	0.098	0.109	0.097	0.100	0.100	0.099	0.100	0.101	0.098	0.099	0.102	0.099	0.100	0.101	0.102	0.105	0.102	0.102	0.102	0.101	0.102	0.102	0.103	0.103	0.100	0.105	0.102	0.102	0.103	0.104	0.104	0.105	0.104	0.104	0.104	0.105	0.105	0.105	0.104	0.104	0.104	0.104	0.105	0.104	0.106	0.105	0.104	0.105	0.111	0.106	0.107	0.103	0.104	0.105	0.107	0.106	0.107	0.105	0.107	0.109	0.108
1:59:35	32.0	0.108	0.111	0.111	0.108	0.109	0.109	0.111	0.110	0.112	0.112	0.113	0.112	0.096	0.097	0.097	0.096	0.095	0.095	0.094	0.095	0.094	0.097	0.096	0.095	0.098	0.097	0.105	0.097	0.097	0.098	0.098	0.099	0.097	0.098	0.099	0.099	0.112	0.099	0.102	0.102	0.101	0.101	0.102	0.099	0.101	0.103	0.101	0.102	0.103	0.105	0.107	0.105	0.105	0.105	0.104	0.105	0.104	0.106	0.106	0.103	0.109	0.106	0.106	0.107	0.108	0.108	0.109	0.108	0.107	0.108	0.109	0.109	0.109	0.107	0.108	0.108	0.108	0.109	0.109	0.111	0.110	0.108	0.109	0.115	0.110	0.111	0.107	0.108	0.110	0.112	0.111	0.112	0.111	0.112	0.114	0.113
2:09:35	32.0	0.113	0.115	0.116	0.113	0.114	0.115	0.116	0.115	0.116	0.117	0.118	0.118	0.096	0.097	0.097	0.096	0.095	0.095	0.094	0.095	0.094	0.098	0.095	0.095	0.099	0.098	0.106	0.098	0.098	0.099	0.099	0.100	0.098	0.100	0.101	0.101	0.115	0.101	0.104	0.103	0.103	0.103	0.105	0.102	0.103	0.106	0.103	0.105	0.107	0.109	0.111	0.108	0.109	0.109	0.108	0.108	0.108	0.110	0.109	0.106	0.114	0.110	0.111	0.112	0.112	0.113	0.115	0.113	0.112	0.113	0.113	0.114	0.114	0.112	0.112	0.113	0.113	0.114	0.114	0.117	0.115	0.114	0.115	0.121	0.115	0.116	0.112	0.114	0.115	0.117	0.116	0.118	0.116	0.117	0.119	0.118
2:19:35	32.1	0.119	0.121	0.123	0.120	0.121	0.121	0.124	0.122	0.124	0.124	0.126	0.126	0.097	0.097	0.097	0.096	0.095	0.095	0.095	0.095	0.094	0.097	0.096	0.095	0.101	0.099	0.108	0.100	0.099	0.100	0.100	0.102	0.100	0.101	0.102	0.102	0.119	0.104	0.106	0.106	0.106	0.106	0.109	0.104	0.106	0.109	0.106	0.108	0.111	0.114	0.116	0.113	0.114	0.114	0.113	0.114	0.112	0.115	0.115	0.111	0.118	0.115	0.116	0.117	0.118	0.119	0.121	0.119	0.117	0.119	0.119	0.119	0.119	0.117	0.117	0.119	0.120	0.120	0.120	0.123	0.122	0.120	0.121	0.129	0.121	0.121	0.118	0.119	0.122	0.123	0.123	0.125	0.124	0.124	0.127	0.126
2:29:35	32.2	0.127	0.130	0.132	0.128	0.130	0.130	0.133	0.131	0.133	0.134	0.136	0.136	0.096	0.096	0.097	0.096	0.095	0.095	0.095	0.095	0.094	0.097	0.095	0.095	0.103	0.101	0.109	0.101	0.101	0.102	0.102	0.104	0.101	0.104	0.104	0.105	0.123	0.107	0.109	0.110	0.110	0.110	0.113	0.108	0.110	0.113	0.110	0.113	0.116	0.119	0.121	0.119	0.120	0.120	0.119	0.119	0.118	0.120	0.120	0.116	0.125	0.122	0.123	0.124	0.126	0.127	0.129	0.127	0.124	0.127	0.126	0.126	0.127	0.124	0.125	0.127	0.128	0.129	0.129	0.133	0.131	0.129	0.130	0.138	0.129	0.130	0.127	0.128	0.131	0.134	0.133	0.135	0.133	0.134	0.136	0.136
2:39:35	32.2	0.137	0.141	0.142	0.138	0.139	0.141	0.144	0.141	0.143	0.144	0.147	0.148	0.096	0.096	0.097	0.096	0.095	0.095	0.095	0.095	0.094	0.098	0.096	0.095	0.105	0.104	0.111	0.103	0.103	0.105	0.104	0.107	0.103	0.106	0.105	0.107	0.122	0.111	0.113	0.114	0.115	0.115	0.119	0.113	0.116	0.119	0.115	0.117	0.123	0.126	0.129	0.126	0.127	0.127	0.127	0.127	0.124	0.128	0.128	0.123	0.134	0.130	0.132	0.133	0.136	0.137	0.139	0.136	0.133	0.138	0.135	0.136	0.136	0.132	0.133	0.137	0.137	0.139	0.139	0.143	0.142	0.139	0.140	0.150	0.139	0.139	0.136	0.139	0.141	0.144	0.143	0.146	0.145	0.144	0.147	0.147
2:49:35	32.2	0.149	0.153	0.155	0.149	0.151	0.153	0.155	0.152	0.157	0.157	0.161	0.161	0.097	0.097	0.097	0.096	0.095	0.095	0.095	0.095	0.094	0.097	0.096	0.095	0.108	0.107	0.114	0.106	0.106	0.108	0.107	0.110	0.107	0.108	0.108	0.111	0.131	0.116	0.118	0.120	0.119	0.119	0.125	0.118	0.121	0.124	0.120	0.124	0.130	0.134	0.137	0.135	0.137	0.137	0.135	0.136	0.133	0.137	0.137	0.131	0.143	0.140	0.142	0.144	0.146	0.147	0.150	0.148	0.144	0.150	0.147	0.146	0.147	0.142	0.144	0.147	0.149	0.150	0.150	0.155	0.155	0.150	0.151	0.164	0.150	0.152	0.148	0.150	0.154	0.156	0.155	0.160	0.158	0.157	0.160	0.162
2:59:35	32.3	0.164	0.169	0.171	0.166	0.168	0.170	0.174	0.171	0.174	0.176	0.180	0.180	0.096	0.096	0.097	0.096	0.095	0.095	0.095	0.095	0.094	0.098	0.096	0.095	0.111	0.110	0.117	0.109	0.110	0.111	0.111	0.114	0.110	0.110	0.111	0.115	0.136	0.121	0.123	0.126	0.126	0.126	0.134	0.124	0.128	0.132	0.126	0.131	0.139	0.144	0.148	0.146	0.149	0.149	0.148	0.147	0.143	0.147	0.148	0.141	0.156	0.153	0.156	0.158	0.160	0.162	0.166	0.163	0.156	0.166	0.160	0.160	0.161	0.156	0.156	0.163	0.163	0.166	0.167	0.173	0.173	0.167	0.168	0.184	0.167	0.168	0.164	0.167	0.172	0.174	0.173	0.180	0.178	0.175	0.177	0.180
3:09:35	32.3	0.183	0.188	0.191	0.185	0.187	0.189	0.195	0.190	0.197	0.196	0.202	0.201	0.096	0.096	0.097	0.096	0.095	0.095	0.095	0.095	0.094	0.098	0.096	0.096	0.116	0.115	0.121	0.112	0.114	0.116	0.115	0.119	0.114	0.114	0.115	0.120	0.142	0.128	0.130	0.133	0.133	0.133	0.143	0.132	0.136	0.140	0.134	0.141	0.151	0.157	0.161	0.158	0.163	0.162	0.160	0.159	0.155	0.160	0.161	0.154	0.173	0.169	0.174	0.175	0.179	0.180	0.186	0.182	0.173	0.183	0.178	0.177	0.179	0.173	0.173	0.181	0.183	0.187	0.186	0.195	0.194	0.186	0.186	0.204	0.185	0.187	0.183	0.186	0.192	0.196	0.195	0.201	0.198	0.194	0.199	0.203
3:19:35	32.4	0.206	0.214	0.215	0.209	0.211	0.213	0.219	0.213	0.221	0.223	0.230	0.229	0.096	0.096	0.097	0.096	0.095	0.095	0.095	0.095	0.095	0.098	0.096	0.096	0.120	0.120	0.127	0.117	0.119	0.120	0.120	0.125	0.119	0.118	0.119	0.125	0.148	0.136	0.138	0.143	0.142	0.142	0.155	0.141	0.147	0.151	0.143	0.151	0.166	0.172	0.178	0.175	0.181	0.180	0.177	0.177	0.171	0.178	0.178	0.170	0.192	0.188	0.193	0.195	0.200	0.202	0.208	0.203	0.193	0.207	0.199	0.198	0.200	0.193	0.193	0.203	0.205	0.209	0.210	0.219	0.220	0.210	0.209	0.233	0.209	0.210	0.207	0.212	0.218	0.221	0.221	0.229	0.226	0.220	0.225	0.231
3:29:35	32.4	0.235	0.245	0.247	0.239	0.241	0.245	0.251	0.246	0.255	0.256	0.265	0.264	0.096	0.097	0.097	0.096	0.095	0.095	0.095	0.095	0.094	0.098	0.096	0.096	0.126	0.127	0.132	0.121	0.125	0.126	0.125	0.131	0.124	0.124	0.124	0.132	0.156	0.146	0.147	0.153	0.153	0.153	0.170	0.153	0.159	0.164	0.154	0.165	0.184	0.191	0.197	0.195	0.201	0.200	0.200	0.199	0.190	0.199	0.199	0.188	0.215	0.211	0.218	0.221	0.226	0.228	0.236	0.230	0.217	0.236	0.227	0.224	0.229	0.219	0.217	0.232	0.235	0.239	0.241	0.251	0.253	0.242	0.239	0.268	0.240	0.240	0.239	0.244	0.251	0.254	0.255	0.264	0.262	0.252	0.259	0.267
3:39:35	32.4	0.270	0.283	0.283	0.274	0.276	0.283	0.290	0.282	0.293	0.295	0.304	0.303	0.096	0.096	0.097	0.096	0.096	0.095	0.095	0.096	0.094	0.098	0.096	0.096	0.132	0.133	0.137	0.126	0.132	0.132	0.132	0.138	0.130	0.130	0.129	0.139	0.171	0.158	0.159	0.166	0.166	0.167	0.187	0.167	0.175	0.180	0.168	0.181	0.206	0.214	0.220	0.217	0.226	0.226	0.223	0.223	0.213	0.223	0.223	0.211	0.246	0.242	0.250	0.254	0.259	0.262	0.271	0.265	0.249	0.272	0.261	0.258	0.261	0.250	0.247	0.268	0.270	0.275	0.277	0.290	0.293	0.279	0.274	0.310	0.276	0.276	0.276	0.282	0.291	0.292	0.293	0.305	0.302	0.290	0.300	0.309
3:49:35	32.4	0.306	0.313	0.315	0.308	0.314	0.313	0.326	0.316	0.327	0.327	0.338	0.334	0.096	0.096	0.097	0.097	0.095	0.095	0.095	0.096	0.094	0.098	0.096	0.096	0.139	0.140	0.144	0.132	0.139	0.139	0.138	0.146	0.137	0.136	0.136	0.146	0.184	0.173	0.172	0.181	0.183	0.183	0.208	0.184	0.193	0.199	0.184	0.200	0.233	0.242	0.249	0.247	0.257	0.257	0.254	0.254	0.240	0.254	0.255	0.239	0.281	0.278	0.286	0.291	0.296	0.299	0.311	0.303	0.284	0.313	0.299	0.294	0.296	0.285	0.281	0.305	0.309	0.313	0.318	0.329	0.332	0.317	0.310	0.348	0.306	0.309	0.310	0.316	0.325	0.328	0.328	0.340	0.337	0.321	0.329	0.340
3:59:35	32.5	0.340	0.354	0.353	0.344	0.345	0.354	0.361	0.351	0.368	0.369	0.380	0.377	0.097	0.096	0.097	0.096	0.096	0.095	0.095	0.095	0.094	0.098	0.096	0.096	0.146	0.148	0.153	0.140	0.148	0.148	0.146	0.154	0.145	0.143	0.143	0.155	0.200	0.189	0.190	0.200	0.201	0.202	0.230	0.203	0.214	0.222	0.202	0.220	0.263	0.270	0.282	0.278	0.289	0.289	0.289	0.287	0.272	0.288	0.289	0.269	0.312	0.306	0.317	0.324	0.329	0.331	0.343	0.335	0.317	0.347	0.336	0.328	0.326	0.313	0.311	0.338	0.343	0.345	0.350	0.360	0.366	0.357	0.347	0.389	0.343	0.344	0.354	0.361	0.366	0.368	0.370	0.380	0.378	0.362	0.377	0.391
4:09:35	32.5	0.392	0.408	0.405	0.395	0.396	0.407	0.416	0.403	0.419	0.420	0.433	0.430	0.096	0.096	0.097	0.097	0.095	0.095	0.095	0.096	0.095	0.098	0.096	0.096	0.154	0.158	0.162	0.148	0.159	0.160	0.155	0.160	0.155	0.153	0.152	0.164	0.221	0.210	0.207	0.222	0.223	0.224	0.256	0.227	0.240	0.249	0.223	0.243	0.290	0.300	0.314	0.311	0.321	0.322	0.325	0.324	0.305	0.324	0.325	0.303	0.350	0.344	0.359	0.368	0.371	0.375	0.385	0.378	0.359	0.396	0.384	0.375	0.371	0.355	0.355	0.384	0.387	0.391	0.397	0.403	0.412	0.407	0.395	0.439	0.393	0.393	0.409	0.415	0.419	0.419	0.424	0.433	0.430	0.415	0.429	0.444
4:19:35	32.5	0.447	0.462	0.458	0.447	0.447	0.460	0.465	0.456	0.476	0.474	0.488	0.489	0.096	0.096	0.097	0.097	0.096	0.095	0.095	0.095	0.095	0.098	0.096	0.096	0.164	0.168	0.170	0.157	0.168	0.168	0.166	0.172	0.165	0.159	0.161	0.175	0.240	0.230	0.228	0.244	0.246	0.248	0.286	0.251	0.265	0.273	0.247	0.272	0.330	0.341	0.354	0.349	0.364	0.365	0.366	0.364	0.343	0.364	0.367	0.343	0.399	0.393	0.404	0.414	0.417	0.422	0.433	0.425	0.404	0.441	0.430	0.419	0.422	0.406	0.400	0.434	0.437	0.441	0.447	0.457	0.464	0.455	0.443	0.491	0.449	0.449	0.459	0.467	0.474	0.475	0.485	0.490	0.486	0.467	0.486	0.506
4:29:35	32.5	0.508	0.517	0.516	0.503	0.505	0.514	0.522	0.508	0.528	0.529	0.543	0.544	0.096	0.097	0.097	0.097	0.096	0.096	0.095	0.096	0.095	0.098	0.096	0.096	0.176	0.182	0.184	0.170	0.182	0.184	0.177	0.183	0.178	0.172	0.174	0.187	0.252	0.257	0.252	0.274	0.275	0.277	0.319	0.283	0.301	0.313	0.274	0.300	0.372	0.380	0.398	0.394	0.405	0.407	0.412	0.414	0.385	0.414	0.415	0.386	0.447	0.437	0.450	0.462	0.462	0.466	0.475	0.469	0.450	0.490	0.482	0.469	0.472	0.456	0.455	0.482	0.485	0.488	0.495	0.499	0.518	0.505	0.493	0.570	0.505	0.504	0.518	0.526	0.528	0.528	0.533	0.541	0.539	0.521	0.544	0.560
4:39:35	32.5	0.574	0.585	0.582	0.568	0.564	0.581	0.589	0.575	0.599	0.602	0.618	0.619	0.096	0.097	0.097	0.096	0.096	0.095	0.095	0.096	0.095	0.098	0.096	0.096	0.189	0.194	0.195	0.179	0.193	0.195	0.190	0.200	0.191	0.185	0.185	0.202	0.281	0.283	0.277	0.300	0.302	0.305	0.356	0.310	0.328	0.339	0.303	0.337	0.416	0.425	0.441	0.438	0.451	0.453	0.455	0.450	0.425	0.450	0.451	0.429	0.499	0.489	0.497	0.513	0.516	0.519	0.530	0.521	0.497	0.541	0.527	0.522	0.537	0.515	0.509	0.542	0.549	0.553	0.560	0.571	0.587	0.569	0.554	0.631	0.573	0.574	0.583	0.596	0.602	0.599	0.623	0.618	0.615	0.588	0.611	0.632
4:49:35	32.5	0.637	0.636	0.639	0.627	0.632	0.638	0.648	0.635	0.660	0.654	0.676	0.670	0.097	0.097	0.097	0.097	0.096	0.096	0.095	0.096	0.095	0.098	0.096	0.096	0.201	0.208	0.208	0.193	0.206	0.211	0.205	0.214	0.205	0.198	0.199	0.218	0.323	0.316	0.308	0.335	0.338	0.342	0.394	0.347	0.365	0.380	0.337	0.375	0.454	0.463	0.479	0.474	0.485	0.487	0.490	0.488	0.460	0.491	0.492	0.466	0.563	0.552	0.559	0.577	0.578	0.583	0.592	0.583	0.559	0.608	0.595	0.588	0.605	0.585	0.578	0.611	0.617	0.621	0.626	0.637	0.658	0.632	0.620	0.697	0.631	0.634	0.639	0.653	0.659	0.656	0.671	0.674	0.671	0.643	0.660	0.674
4:59:35	32.6	0.677	0.680	0.681	0.667	0.670	0.682	0.694	0.679	0.703	0.704	0.725	0.721	0.097	0.097	0.097	0.097	0.096	0.096	0.095	0.096	0.095	0.098	0.096	0.097	0.216	0.224	0.223	0.206	0.220	0.226	0.220	0.229	0.221	0.212	0.213	0.233	0.355	0.349	0.342	0.369	0.372	0.377	0.438	0.382	0.401	0.418	0.372	0.416	0.506	0.513	0.528	0.523	0.539	0.536	0.537	0.535	0.508	0.539	0.542	0.517	0.625	0.615	0.624	0.638	0.644	0.648	0.656	0.648	0.622	0.665	0.650	0.643	0.647	0.627	0.621	0.654	0.665	0.669	0.672	0.686	0.707	0.674	0.663	0.737	0.676	0.676	0.687	0.703	0.711	0.702	0.723	0.723	0.717	0.686	0.710	0.729
5:09:35	32.6	0.737	0.737	0.742	0.723	0.740	0.741	0.747	0.741	0.762	0.773	0.800	0.783	0.097	0.097	0.097	0.097	0.096	0.096	0.095	0.096	0.095	0.098	0.096	0.096	0.233	0.243	0.242	0.224	0.241	0.248	0.237	0.243	0.239	0.230	0.233	0.251	0.389	0.387	0.372	0.406	0.409	0.413	0.462	0.422	0.438	0.456	0.402	0.441	0.566	0.572	0.589	0.581	0.594	0.593	0.596	0.602	0.567	0.608	0.610	0.574	0.669	0.657	0.666	0.682	0.686	0.689	0.700	0.705	0.663	0.717	0.701	0.689	0.700	0.676	0.677	0.705	0.714	0.716	0.723	0.757	0.813	0.729	0.718	0.796	0.735	0.735	0.749	0.767	0.767	0.757	0.771	0.798	0.781	0.745	0.772	0.791
5:19:35	32.6	0.797	0.789	0.802	0.794	0.806	0.801	0.811	0.806	0.816	0.829	0.867	0.838	0.097	0.097	0.097	0.097	0.096	0.096	0.095	0.096	0.095	0.098	0.096	0.096	0.249	0.262	0.261	0.241	0.258	0.267	0.256	0.263	0.259	0.251	0.251	0.269	0.418	0.412	0.403	0.433	0.434	0.441	0.494	0.450	0.467	0.488	0.431	0.480	0.636	0.640	0.657	0.651	0.663	0.659	0.663	0.664	0.628	0.665	0.667	0.638	0.738	0.720	0.730	0.754	0.759	0.760	0.790	0.794	0.724	0.789	0.767	0.757	0.766	0.747	0.743	0.772	0.784	0.791	0.792	0.883	0.921	0.790	0.781	0.861	0.795	0.801	0.803	0.824	0.828	0.814	0.828	0.899	0.853	0.801	0.826	0.844
5:29:35	32.6	0.860	0.853	0.863	0.862	0.861	0.863	0.872	0.866	0.879	0.887	0.911	0.899	0.097	0.097	0.097	0.097	0.096	0.096	0.095	0.096	0.095	0.098	0.096	0.096	0.267	0.282	0.280	0.262	0.279	0.289	0.275	0.279	0.281	0.272	0.273	0.289	0.460	0.449	0.444	0.472	0.476	0.482	0.529	0.494	0.510	0.533	0.468	0.522	0.682	0.682	0.701	0.691	0.700	0.698	0.706	0.713	0.673	0.718	0.718	0.681	0.799	0.782	0.791	0.810	0.815	0.816	0.844	0.854	0.787	0.853	0.828	0.817	0.825	0.802	0.802	0.827	0.835	0.845	0.849	0.877	0.872	0.852	0.839	0.910	0.854	0.858	0.866	0.887	0.894	0.875	0.886	0.929	0.932	0.857	0.888	0.906
5:39:35	32.6	0.921	0.912	0.926	0.917	0.917	0.923	0.939	0.932	0.943	0.951	0.978	0.963	0.097	0.098	0.097	0.097	0.096	0.096	0.095	0.096	0.096	0.098	0.096	0.096	0.287	0.303	0.300	0.280	0.297	0.310	0.297	0.300	0.302	0.293	0.296	0.313	0.504	0.485	0.490	0.512	0.513	0.522	0.577	0.534	0.550	0.579	0.506	0.577	0.753	0.754	0.770	0.760	0.774	0.772	0.780	0.782	0.738	0.784	0.781	0.745	0.864	0.846	0.855	0.875	0.891	0.888	0.933	0.936	0.846	0.919	0.887	0.879	0.888	0.867	0.870	0.894	0.903	0.925	0.924	0.979	0.951	0.916	0.904	0.976	0.919	0.926	0.932	0.951	0.976	0.939	0.950	1.006	1.020	0.922	0.951	0.973
5:49:35	32.6	0.984	0.981	0.982	0.967	0.970	0.977	0.983	0.983	1.004	1.001	1.018	1.014	0.097	0.097	0.097	0.097	0.096	0.096	0.095	0.096	0.095	0.098	0.096	0.096	0.302	0.325	0.325	0.315	0.322	0.339	0.314	0.309	0.331	0.330	0.329	0.328	0.559	0.539	0.550	0.568	0.580	0.581	0.625	0.596	0.631	0.660	0.561	0.641	0.796	0.791	0.814	0.796	0.820	0.821	0.854	0.858	0.794	0.856	0.859	0.799	0.909	0.896	0.905	0.925	0.928	0.933	0.932	0.936	0.905	0.991	0.957	0.936	0.933	0.919	0.933	0.944	0.954	0.962	0.962	0.973	0.979	0.972	0.965	1.017	0.964	0.967	0.993	1.012	1.009	0.995	1.006	1.016	1.004	0.981	1.014	1.030
5:59:35	32.6	1.032	1.016	1.025	1.016	1.023	1.025	1.045	1.048	1.062	1.051	1.075	1.058	0.097	0.098	0.098	0.097	0.096	0.096	0.096	0.096	0.095	0.098	0.096	0.097	0.331	0.352	0.349	0.330	0.345	0.366	0.344	0.339	0.355	0.344	0.345	0.359	0.634	0.609	0.615	0.644	0.648	0.658	0.724	0.675	0.705	0.736	0.630	0.703	0.871	0.863	0.887	0.878	0.943	0.943	0.996	0.954	0.851	0.918	0.906	0.857	0.974	0.957	0.971	0.994	0.999	1.006	1.019	1.022	0.960	1.092	1.003	0.989	0.992	0.975	0.984	0.999	1.019	1.019	1.034	1.024	1.024	1.017	1.014	1.062	1.021	1.028	1.034	1.055	1.058	1.043	1.051	1.066	1.065	1.028	1.058	1.075
6:09:35	32.6	1.065	1.056	1.064	1.054	1.062	1.067	1.084	1.091	1.106	1.097	1.125	1.104	0.097	0.098	0.098	0.097	0.096	0.096	0.095	0.096	0.095	0.098	0.096	0.097	0.351	0.377	0.372	0.352	0.367	0.390	0.367	0.371	0.379	0.367	0.371	0.383	0.668	0.665	0.671	0.696	0.698	0.709	0.783	0.724	0.755	0.789	0.682	0.760	0.932	0.925	0.945	0.935	0.994	0.987	1.006	0.991	0.907	0.971	0.960	0.913	1.021	1.009	1.022	1.036	1.072	1.085	1.130	1.104	1.003	1.096	1.048	1.031	1.037	1.020	1.027	1.041	1.099	1.115	1.153	1.108	1.080	1.062	1.059	1.117	1.065	1.075	1.080	1.100	1.106	1.085	1.096	1.115	1.152	1.071	1.101	1.124
6:19:35	32.6	1.108	1.105	1.105	1.097	1.103	1.111	1.115	1.137	1.145	1.142	1.163	1.151	0.097	0.097	0.098	0.098	0.096	0.097	0.096	0.096	0.096	0.098	0.097	0.097	0.374	0.396	0.394	0.375	0.386	0.412	0.388	0.389	0.401	0.393	0.397	0.406	0.730	0.724	0.730	0.753	0.756	0.767	0.845	0.784	0.826	0.864	0.734	0.802	0.981	0.976	0.995	0.993	1.056	1.062	1.089	1.089	0.956	1.032	1.018	0.962	1.062	1.047	1.062	1.081	1.094	1.103	1.129	1.108	1.044	1.131	1.096	1.074	1.081	1.065	1.076	1.087	1.121	1.121	1.144	1.119	1.121	1.110	1.110	1.158	1.108	1.117	1.128	1.148	1.150	1.131	1.144	1.157	1.156	1.120	1.148	1.173
6:29:35	32.6	1.152	1.145	1.148	1.144	1.147	1.155	1.165	1.189	1.194	1.191	1.219	1.196	0.097	0.098	0.098	0.097	0.096	0.097	0.095	0.096	0.095	0.098	0.097	0.097	0.397	0.416	0.413	0.389	0.406	0.434	0.410	0.412	0.425	0.411	0.413	0.436	0.780	0.769	0.775	0.799	0.799	0.812	0.902	0.828	0.864	0.900	0.777	0.853	1.029	1.027	1.046	1.052	1.124	1.132	1.139	1.124	0.997	1.056	1.044	1.001	1.106	1.099	1.114	1.129	1.162	1.173	1.214	1.167	1.087	1.179	1.139	1.119	1.133	1.112	1.123	1.150	1.195	1.192	1.216	1.179	1.171	1.154	1.156	1.203	1.160	1.169	1.170	1.188	1.198	1.177	1.187	1.203	1.208	1.165	1.191	1.216
6:39:35	32.6	1.196	1.187	1.190	1.185	1.186	1.194	1.230	1.233	1.231	1.225	1.245	1.231	0.097	0.098	0.098	0.097	0.096	0.097	0.095	0.097	0.095	0.099	0.097	0.097	0.419	0.444	0.442	0.421	0.428	0.468	0.438	0.428	0.455	0.447	0.449	0.463	0.826	0.815	0.821	0.845	0.855	0.863	0.941	0.945	1.003	1.012	0.819	0.891	1.074	1.061	1.097	1.095	1.097	1.103	1.108	1.171	1.038	1.161	1.125	1.042	1.147	1.129	1.145	1.168	1.159	1.164	1.166	1.175	1.127	1.204	1.187	1.160	1.167	1.153	1.167	1.178	1.187	1.190	1.196	1.198	1.201	1.193	1.196	1.231	1.197	1.202	1.210	1.228	1.228	1.214	1.222	1.234	1.229	1.205	1.231	1.254
6:49:35	32.6	1.228	1.218	1.222	1.220	1.224	1.231	1.251	1.277	1.278	1.271	1.300	1.271	0.097	0.098	0.098	0.098	0.097	0.097	0.096	0.096	0.096	0.099	0.097	0.097	0.450	0.474	0.465	0.440	0.453	0.498	0.469	0.470	0.487	0.467	0.471	0.503	0.866	0.854	0.865	0.887	0.885	0.901	1.032	0.922	0.984	1.044	0.863	0.940	1.105	1.109	1.121	1.136	1.191	1.201	1.184	1.202	1.076	1.137	1.121	1.082	1.190	1.188	1.200	1.211	1.248	1.251	1.296	1.243	1.167	1.264	1.216	1.198	1.220	1.194	1.204	1.238	1.274	1.274	1.284	1.259	1.249	1.232	1.234	1.274	1.243	1.258	1.242	1.260	1.270	1.254	1.259	1.277	1.279	1.243	1.263	1.289
6:59:35	32.6	1.262	1.249	1.254	1.252	1.256	1.262	1.297	1.303	1.303	1.299	1.323	1.300	0.097	0.098	0.098	0.098	0.096	0.097	0.096	0.096	0.096	0.099	0.097	0.097	0.480	0.501	0.498	0.474	0.479	0.538	0.503	0.494	0.524	0.505	0.509	0.538	0.911	0.898	0.906	0.937	0.941	0.955	1.078	1.036	1.109	1.138	0.904	0.974	1.146	1.150	1.173	1.196	1.198	1.212	1.196	1.274	1.116	1.204	1.178	1.120	1.222	1.213	1.230	1.242	1.246	1.248	1.255	1.257	1.202	1.293	1.253	1.232	1.242	1.228	1.239	1.265	1.265	1.266	1.272	1.271	1.270	1.264	1.267	1.296	1.266	1.277	1.275	1.293	1.296	1.283	1.289	1.302	1.298	1.276	1.294	1.319
7:09:35	32.6	1.291	1.277	1.283	1.280	1.287	1.290	1.339	1.333	1.332	1.328	1.353	1.330	0.097	0.098	0.098	0.098	0.096	0.097	0.096	0.096	0.096	0.099	0.097	0.097	0.519	0.541	0.533	0.511	0.512	0.583	0.543	0.530	0.567	0.544	0.550	0.579	0.952	0.939	0.949	0.998	1.009	1.018	1.128	1.134	1.157	1.173	0.942	1.010	1.197	1.188	1.207	1.237	1.230	1.240	1.214	1.305	1.153	1.250	1.226	1.157	1.261	1.245	1.264	1.274	1.276	1.279	1.283	1.288	1.234	1.320	1.284	1.266	1.274	1.259	1.272	1.292	1.295	1.296	1.302	1.301	1.301	1.294	1.298	1.324	1.300	1.306	1.304	1.319	1.324	1.312	1.317	1.330	1.326	1.306	1.323	1.348
7:19:35	32.6	1.309	1.296	1.321	1.302	1.309	1.314	1.350	1.359	1.359	1.352	1.381	1.355	0.097	0.098	0.098	0.098	0.096	0.097	0.096	0.096	0.096	0.099	0.097	0.097	0.552	0.576	0.566	0.543	0.539	0.624	0.585	0.569	0.611	0.579	0.589	0.623	0.984	0.973	0.986	1.010	1.013	1.028	1.205	1.090	1.170	1.224	0.978	1.042	1.204	1.212	1.225	1.240	1.278	1.288	1.244	1.318	1.187	1.252	1.242	1.189	1.279	1.279	1.293	1.304	1.334	1.332	1.363	1.320	1.264	1.348	1.307	1.294	1.304	1.287	1.299	1.319	1.348	1.349	1.351	1.334	1.335	1.322	1.325	1.353	1.322	1.339	1.330	1.343	1.351	1.337	1.342	1.356	1.354	1.334	1.347	1.377
7:29:35	32.6	1.337	1.321	1.344	1.329	1.338	1.340	1.409	1.390	1.386	1.388	1.420	1.385	0.097	0.098	0.098	0.098	0.097	0.097	0.096	0.096	0.096	0.099	0.097	0.097	0.595	0.617	0.607	0.583	0.579	0.667	0.629	0.610	0.658	0.620	0.631	0.670	1.019	1.011	1.022	1.080	1.093	1.095	1.259	1.188	1.226	1.270	1.010	1.076	1.258	1.272	1.258	1.317	1.315	1.331	1.277	1.378	1.218	1.282	1.272	1.219	1.319	1.317	1.321	1.331	1.375	1.368	1.396	1.347	1.291	1.373	1.335	1.320	1.335	1.313	1.327	1.365	1.378	1.378	1.382	1.366	1.364	1.349	1.361	1.382	1.357	1.368	1.356	1.366	1.378	1.363	1.369	1.382	1.382	1.363	1.370	1.404
7:39:35	32.6	1.381	1.344	1.367	1.370	1.357	1.364	1.405	1.406	1.401	1.403	1.433	1.407	0.097	0.099	0.098	0.099	0.097	0.097	0.096	0.097	0.096	0.099	0.097	0.098	0.641	0.658	0.647	0.625	0.615	0.697	0.669	0.651	0.689	0.663	0.676	0.707	1.052	1.041	1.052	1.099	1.116	1.121	1.273	1.206	1.227	1.272	1.042	1.103	1.270	1.281	1.278	1.308	1.310	1.322	1.299	1.377	1.245	1.308	1.298	1.247	1.329	1.329	1.342	1.353	1.371	1.368	1.391	1.372	1.314	1.397	1.363	1.345	1.350	1.336	1.354	1.369	1.387	1.386	1.391	1.385	1.387	1.373	1.387	1.405	1.373	1.386	1.381	1.389	1.400	1.386	1.392	1.404	1.402	1.389	1.394	1.428
7:49:35	32.6	1.407	1.382	1.387	1.391	1.408	1.395	1.440	1.415	1.422	1.418	1.435	1.428	0.097	0.098	0.098	0.098	0.097	0.098	0.096	0.097	0.096	0.099	0.097	0.097	0.680	0.696	0.681	0.665	0.667	0.723	0.699	0.682	0.718	0.702	0.720	0.727	1.088	1.102	1.084	1.148	1.229	1.201	1.194	1.216	1.161	1.197	1.072	1.127	1.289	1.276	1.291	1.288	1.296	1.297	1.298	1.327	1.270	1.341	1.376	1.278	1.344	1.345	1.357	1.369	1.365	1.371	1.367	1.385	1.337	1.404	1.394	1.371	1.373	1.365	1.379	1.390	1.395	1.395	1.403	1.401	1.404	1.395	1.416	1.425	1.395	1.406	1.403	1.413	1.418	1.408	1.414	1.424	1.421	1.413	1.446	1.452
7:59:35	32.6	1.422	1.401	1.404	1.414	1.420	1.421	1.443	1.434	1.438	1.436	1.449	1.450	0.097	0.098	0.098	0.098	0.097	0.097	0.096	0.097	0.096	0.099	0.097	0.097	0.713	0.718	0.707	0.693	0.705	0.742	0.722	0.699	0.742	0.722	0.747	0.750	1.115	1.110	1.114	1.136	1.181	1.169	1.171	1.177	1.164	1.185	1.105	1.153	1.292	1.296	1.311	1.310	1.319	1.321	1.317	1.333	1.295	1.354	1.371	1.306	1.361	1.365	1.376	1.388	1.384	1.391	1.388	1.404	1.358	1.419	1.424	1.393	1.393	1.387	1.405	1.411	1.417	1.418	1.425	1.424	1.426	1.418	1.438	1.445	1.414	1.426	1.423	1.432	1.438	1.429	1.434	1.443	1.441	1.462	1.453	1.472
8:09:35	32.6	1.462	1.418	1.447	1.431	1.443	1.436	1.492	1.460	1.462	1.465	1.484	1.474	0.097	0.099	0.098	0.098	0.097	0.097	0.096	0.097	0.096	0.099	0.097	0.097	0.739	0.739	0.730	0.715	0.722	0.767	0.749	0.729	0.767	0.741	0.755	0.781	1.139	1.209	1.140	1.289	1.342	1.284	1.365	1.314	1.298	1.353	1.130	1.185	1.372	1.346	1.348	1.360	1.356	1.361	1.384	1.444	1.319	1.381	1.369	1.324	1.413	1.389	1.399	1.411	1.411	1.416	1.419	1.427	1.381	1.506	1.430	1.415	1.419	1.409	1.427	1.432	1.439	1.439	1.448	1.448	1.458	1.441	1.459	1.472	1.442	1.449	1.440	1.463	1.462	1.451	1.457	1.465	1.464	1.482	1.476	1.490
8:19:35	32.6	1.468	1.435	1.462	1.458	1.464	1.468	1.479	1.475	1.481	1.477	1.487	1.490	0.097	0.099	0.098	0.098	0.097	0.098	0.096	0.097	0.096	0.099	0.097	0.098	0.769	0.756	0.750	0.740	0.741	0.785	0.764	0.743	0.787	0.764	0.779	0.796	1.166	1.151	1.163	1.176	1.221	1.204	1.214	1.214	1.213	1.228	1.159	1.197	1.336	1.338	1.353	1.355	1.359	1.363	1.359	1.379	1.341	1.396	1.407	1.353	1.403	1.403	1.413	1.424	1.424	1.429	1.426	1.439	1.399	1.457	1.461	1.435	1.433	1.426	1.448	1.450	1.464	1.461	1.464	1.464	1.468	1.460	1.488	1.486	1.455	1.463	1.461	1.480	1.476	1.468	1.474	1.482	1.480	1.500	1.492	1.511
8:29:35	32.6	1.488	1.453	1.478	1.479	1.493	1.481	1.508	1.496	1.500	1.499	1.515	1.513	0.097	0.099	0.099	0.098	0.097	0.098	0.096	0.097	0.097	0.099	0.097	0.098	0.787	0.774	0.770	0.758	0.756	0.808	0.786	0.767	0.810	0.782	0.792	0.821	1.186	1.216	1.184	1.233	1.329	1.267	1.312	1.306	1.261	1.332	1.178	1.223	1.365	1.359	1.376	1.377	1.381	1.384	1.381	1.413	1.363	1.428	1.419	1.373	1.427	1.425	1.434	1.443	1.444	1.450	1.447	1.459	1.419	1.488	1.478	1.457	1.454	1.447	1.474	1.470	1.483	1.481	1.485	1.485	1.493	1.481	1.506	1.508	1.475	1.482	1.479	1.500	1.496	1.488	1.495	1.502	1.500	1.520	1.517	1.530
8:39:35	32.6	1.504	1.470	1.494	1.496	1.510	1.496	1.527	1.516	1.520	1.518	1.535	1.531	0.097	0.099	0.099	0.098	0.097	0.098	0.096	0.097	0.097	0.099	0.097	0.098	0.806	0.792	0.790	0.775	0.773	0.830	0.805	0.788	0.833	0.802	0.808	0.842	1.207	1.241	1.207	1.264	1.364	1.282	1.346	1.329	1.292	1.370	1.203	1.247	1.387	1.381	1.397	1.399	1.403	1.406	1.404	1.442	1.385	1.449	1.440	1.395	1.447	1.445	1.452	1.462	1.463	1.467	1.466	1.476	1.441	1.510	1.496	1.476	1.474	1.466	1.492	1.489	1.500	1.500	1.502	1.503	1.512	1.498	1.524	1.525	1.494	1.501	1.496	1.516	1.514	1.506	1.513	1.520	1.519	1.537	1.532	1.547
8:49:35	32.6	1.522	1.487	1.510	1.509	1.531	1.514	1.556	1.535	1.537	1.540	1.560	1.549	0.097	0.100	0.099	0.098	0.097	0.098	0.096	0.097	0.097	0.100	0.098	0.098	0.826	0.813	0.811	0.797	0.790	0.850	0.827	0.814	0.852	0.823	0.828	0.865	1.226	1.272	1.230	1.345	1.410	1.315	1.457	1.341	1.343	1.432	1.226	1.277	1.416	1.418	1.424	1.430	1.435	1.447	1.466	1.496	1.405	1.458	1.447	1.414	1.479	1.465	1.473	1.483	1.489	1.495	1.501	1.502	1.458	1.574	1.508	1.499	1.493	1.494	1.510	1.509	1.520	1.520	1.528	1.531	1.537	1.516	1.545	1.545	1.514	1.521	1.510	1.531	1.535	1.538	1.531	1.538	1.538	1.554	1.549	1.562
8:59:35	32.6	1.534	1.503	1.525	1.528	1.544	1.528	1.556	1.550	1.552	1.553	1.571	1.563	0.097	0.100	0.099	0.098	0.097	0.098	0.096	0.097	0.097	0.100	0.098	0.098	0.843	0.828	0.830	0.817	0.806	0.870	0.844	0.831	0.870	0.840	0.844	0.884	1.248	1.282	1.252	1.331	1.394	1.321	1.444	1.362	1.355	1.420	1.248	1.294	1.427	1.424	1.435	1.441	1.445	1.451	1.456	1.492	1.422	1.478	1.466	1.432	1.486	1.481	1.486	1.496	1.498	1.502	1.505	1.509	1.472	1.549	1.522	1.513	1.508	1.508	1.525	1.524	1.532	1.532	1.537	1.543	1.551	1.530	1.560	1.558	1.527	1.534	1.525	1.547	1.547	1.553	1.545	1.551	1.551	1.567	1.562	1.576
9:09:35	32.6	1.547	1.517	1.537	1.553	1.558	1.544	1.570	1.565	1.567	1.567	1.579	1.578	0.097	0.100	0.099	0.098	0.097	0.098	0.097	0.097	0.097	0.100	0.098	0.098	0.863	0.849	0.847	0.835	0.823	0.890	0.862	0.850	0.891	0.858	0.862	0.902	1.273	1.328	1.274	1.339	1.427	1.340	1.468	1.386	1.370	1.443	1.268	1.315	1.441	1.437	1.448	1.455	1.459	1.463	1.464	1.501	1.438	1.492	1.480	1.448	1.499	1.496	1.501	1.511	1.510	1.515	1.515	1.522	1.485	1.562	1.536	1.526	1.523	1.522	1.540	1.539	1.545	1.545	1.550	1.556	1.561	1.563	1.573	1.571	1.542	1.550	1.538	1.560	1.561	1.567	1.559	1.565	1.565	1.593	1.573	1.590
9:19:35	32.6	1.560	1.530	1.550	1.577	1.571	1.558	1.593	1.580	1.583	1.582	1.597	1.592	0.097	0.100	0.099	0.099	0.097	0.098	0.096	0.097	0.097	0.100	0.098	0.098	0.880	0.868	0.868	0.853	0.840	0.908	0.883	0.872	0.913	0.876	0.879	0.919	1.292	1.327	1.293	1.370	1.416	1.370	1.531	1.384	1.387	1.453	1.289	1.340	1.458	1.457	1.468	1.478	1.476	1.483	1.510	1.522	1.452	1.497	1.488	1.463	1.521	1.510	1.515	1.526	1.526	1.536	1.540	1.542	1.498	1.581	1.546	1.540	1.537	1.534	1.552	1.554	1.562	1.562	1.575	1.575	1.573	1.574	1.586	1.585	1.558	1.566	1.549	1.573	1.575	1.584	1.572	1.579	1.579	1.605	1.589	1.601
9:29:35	32.6	1.577	1.542	1.572	1.591	1.582	1.578	1.593	1.591	1.593	1.592	1.605	1.602	0.097	0.100	0.099	0.099	0.097	0.098	0.096	0.097	0.097	0.100	0.098	0.098	0.895	0.884	0.882	0.868	0.852	0.923	0.899	0.883	0.929	0.891	0.894	0.930	1.311	1.352	1.311	1.363	1.447	1.380	1.480	1.416	1.410	1.471	1.308	1.352	1.464	1.464	1.473	1.479	1.484	1.489	1.483	1.528	1.464	1.518	1.505	1.480	1.523	1.520	1.524	1.535	1.532	1.537	1.537	1.543	1.508	1.586	1.559	1.551	1.546	1.543	1.565	1.564	1.568	1.569	1.572	1.580	1.588	1.583	1.600	1.595	1.564	1.574	1.562	1.585	1.585	1.593	1.583	1.589	1.589	1.616	1.599	1.613
9:39:35	32.6	1.585	1.552	1.581	1.595	1.586	1.585	1.600	1.602	1.605	1.603	1.612	1.614	0.097	0.100	0.099	0.099	0.097	0.099	0.096	0.097	0.097	0.100	0.098	0.100	0.906	0.899	0.900	0.885	0.866	0.938	0.912	0.898	0.944	0.904	0.911	0.943	1.327	1.350	1.328	1.375	1.447	1.390	1.465	1.421	1.420	1.474	1.324	1.367	1.473	1.475	1.482	1.491	1.493	1.499	1.492	1.534	1.475	1.529	1.517	1.495	1.532	1.532	1.535	1.546	1.541	1.548	1.548	1.552	1.518	1.592	1.571	1.562	1.560	1.554	1.577	1.575	1.578	1.578	1.582	1.590	1.595	1.592	1.611	1.605	1.575	1.584	1.574	1.595	1.595	1.603	1.594	1.600	1.600	1.625	1.607	1.623
9:49:35	32.6	1.594	1.562	1.589	1.591	1.603	1.602	1.610	1.612	1.616	1.614	1.625	1.627	0.098	0.100	0.099	0.099	0.097	0.099	0.096	0.098	0.097	0.100	0.098	0.098	0.921	0.921	0.920	0.909	0.883	0.953	0.921	0.907	0.957	0.923	0.932	0.958	1.342	1.398	1.344	1.392	1.485	1.414	1.480	1.438	1.426	1.465	1.341	1.383	1.483	1.484	1.491	1.499	1.500	1.507	1.502	1.539	1.487	1.548	1.533	1.508	1.544	1.542	1.546	1.555	1.561	1.559	1.558	1.564	1.528	1.598	1.584	1.575	1.571	1.563	1.588	1.585	1.589	1.590	1.595	1.600	1.604	1.603	1.620	1.623	1.588	1.596	1.583	1.601	1.607	1.613	1.606	1.611	1.612	1.638	1.616	1.647
9:59:35	32.6	1.597	1.570	1.595	1.596	1.602	1.599	1.617	1.621	1.629	1.628	1.636	1.642	0.098	0.100	0.099	0.099	0.097	0.099	0.097	0.098	0.097	0.101	0.098	0.099	0.923	0.929	0.930	0.921	0.892	0.967	0.932	0.919	0.970	0.932	0.941	0.974	1.353	1.362	1.358	1.380	1.430	1.400	1.428	1.426	1.421	1.446	1.359	1.394	1.488	1.492	1.496	1.506	1.507	1.514	1.507	1.544	1.500	1.559	1.549	1.522	1.552	1.551	1.555	1.562	1.561	1.568	1.566	1.570	1.540	1.601	1.601	1.588	1.578	1.573	1.599	1.596	1.599	1.599	1.604	1.611	1.619	1.615	1.634	1.638	1.595	1.604	1.593	1.611	1.616	1.622	1.617	1.622	1.628	1.652	1.624	1.660
10:09:35	32.6	1.603	1.579	1.600	1.607	1.612	1.612	1.625	1.634	1.645	1.642	1.648	1.651	0.097	0.100	0.099	0.099	0.097	0.099	0.097	0.098	0.098	0.100	0.098	0.099	0.935	0.943	0.944	0.936	0.901	0.981	0.946	0.932	0.985	0.946	0.955	0.988	1.367	1.371	1.373	1.391	1.434	1.408	1.437	1.436	1.431	1.456	1.373	1.404	1.495	1.501	1.502	1.514	1.514	1.525	1.517	1.554	1.513	1.574	1.565	1.535	1.561	1.559	1.565	1.569	1.570	1.578	1.578	1.581	1.552	1.613	1.611	1.597	1.586	1.582	1.607	1.606	1.610	1.610	1.617	1.623	1.633	1.628	1.651	1.645	1.604	1.613	1.607	1.620	1.630	1.633	1.633	1.637	1.644	1.660	1.639	1.667
10:19:35	32.6	1.608	1.588	1.607	1.612	1.618	1.621	1.637	1.645	1.656	1.652	1.654	1.656	0.098	0.100	0.099	0.099	0.097	0.099	0.097	0.098	0.098	0.100	0.098	0.099	0.945	0.956	0.957	0.946	0.910	0.993	0.958	0.945	0.994	0.958	0.969	1.004	1.377	1.375	1.387	1.399	1.429	1.418	1.426	1.442	1.440	1.463	1.385	1.412	1.501	1.507	1.510	1.523	1.523	1.534	1.527	1.563	1.524	1.578	1.575	1.544	1.568	1.566	1.572	1.576	1.579	1.591	1.589	1.594	1.564	1.623	1.618	1.605	1.593	1.592	1.621	1.616	1.623	1.621	1.632	1.634	1.636	1.637	1.660	1.648	1.612	1.621	1.619	1.631	1.645	1.651	1.645	1.651	1.655	1.666	1.649	1.670
10:29:35	32.6	1.614	1.597	1.613	1.623	1.625	1.632	1.646	1.654	1.660	1.658	1.659	1.657	0.098	0.100	0.099	0.099	0.098	0.100	0.097	0.098	0.098	0.100	0.098	0.099	0.957	0.966	0.970	0.960	0.922	1.004	0.973	0.959	1.006	0.971	0.983	1.020	1.390	1.387	1.397	1.412	1.441	1.428	1.433	1.450	1.452	1.472	1.396	1.421	1.507	1.516	1.519	1.532	1.533	1.543	1.537	1.573	1.534	1.584	1.581	1.550	1.576	1.574	1.582	1.587	1.592	1.602	1.599	1.603	1.574	1.633	1.625	1.611	1.602	1.607	1.633	1.629	1.641	1.633	1.639	1.642	1.639	1.647	1.662	1.648	1.622	1.633	1.627	1.643	1.653	1.659	1.651	1.659	1.660	1.669	1.653	1.673
10:39:35	32.6	1.621	1.606	1.621	1.629	1.632	1.638	1.653	1.660	1.664	1.662	1.662	1.659	0.098	0.101	0.099	0.099	0.098	0.100	0.097	0.098	0.098	0.101	0.099	0.099	0.970	0.980	0.987	0.973	0.935	1.015	0.988	0.973	1.017	0.987	1.001	1.035	1.400	1.400	1.407	1.423	1.460	1.440	1.449	1.463	1.465	1.482	1.407	1.431	1.519	1.527	1.531	1.542	1.543	1.554	1.547	1.583	1.543	1.587	1.583	1.556	1.589	1.585	1.595	1.598	1.601	1.610	1.606	1.614	1.583	1.638	1.629	1.619	1.613	1.619	1.638	1.639	1.646	1.639	1.643	1.647	1.641	1.650	1.665	1.650	1.634	1.644	1.633	1.654	1.657	1.663	1.654	1.663	1.663	1.671	1.656	1.675
10:49:35	32.6	1.628	1.615	1.629	1.632	1.643	1.641	1.656	1.663	1.665	1.665	1.664	1.661	0.098	0.100	0.099	0.099	0.098	0.099	0.097	0.098	0.098	0.101	0.098	0.099	0.981	0.994	1.001	0.988	0.946	1.026	1.004	0.987	1.029	1.000	1.012	1.051	1.408	1.408	1.416	1.433	1.460	1.448	1.454	1.470	1.472	1.491	1.417	1.440	1.529	1.536	1.540	1.549	1.550	1.561	1.554	1.589	1.548	1.591	1.587	1.563	1.598	1.594	1.605	1.608	1.608	1.618	1.614	1.619	1.587	1.640	1.629	1.624	1.624	1.624	1.643	1.643	1.648	1.643	1.646	1.649	1.642	1.653	1.665	1.650	1.641	1.651	1.636	1.657	1.659	1.664	1.657	1.665	1.663	1.673	1.658	1.676
10:59:35	32.6	1.635	1.618	1.633	1.633	1.645	1.645	1.657	1.665	1.666	1.667	1.666	1.662	0.098	0.100	0.099	0.100	0.098	0.099	0.098	0.098	0.098	0.100	0.098	0.099	0.993	1.007	1.015	1.002	0.960	1.038	1.016	1.002	1.042	1.014	1.025	1.066	1.421	1.419	1.424	1.442	1.470	1.457	1.461	1.480	1.481	1.498	1.426	1.449	1.538	1.545	1.547	1.556	1.557	1.568	1.560	1.595	1.554	1.597	1.592	1.568	1.609	1.602	1.614	1.613	1.616	1.623	1.619	1.623	1.595	1.642	1.630	1.628	1.630	1.628	1.645	1.647	1.650	1.645	1.648	1.652	1.643	1.655	1.666	1.651	1.645	1.654	1.640	1.658	1.660	1.665	1.658	1.667	1.665	1.673	1.665	1.679
11:09:35	32.6	1.652	1.623	1.644	1.644	1.667	1.675	1.683	1.668	1.666	1.669	1.669	1.665	0.098	0.101	0.099	0.100	0.098	0.100	0.097	0.098	0.098	0.101	0.099	0.099	1.016	1.028	1.037	1.025	0.982	1.057	1.032	1.021	1.058	1.047	1.061	1.079	1.426	1.490	1.431	1.507	1.565	1.507	1.575	1.524	1.522	1.540	1.433	1.479	1.557	1.556	1.564	1.606	1.573	1.583	1.590	1.628	1.557	1.594	1.588	1.570	1.620	1.613	1.624	1.621	1.624	1.630	1.629	1.630	1.603	1.673	1.629	1.630	1.638	1.633	1.649	1.654	1.658	1.654	1.657	1.660	1.642	1.658	1.667	1.654	1.653	1.661	1.642	1.662	1.665	1.670	1.662	1.669	1.667	1.675	1.669	1.679
11:19:35	32.6	1.640	1.630	1.637	1.636	1.647	1.650	1.660	1.667	1.666	1.670	1.669	1.664	0.098	0.101	0.100	0.099	0.098	0.100	0.097	0.098	0.098	0.101	0.099	0.099	1.021	1.034	1.042	1.032	0.990	1.065	1.042	1.032	1.073	1.039	1.050	1.088	1.447	1.434	1.438	1.459	1.491	1.474	1.482	1.497	1.502	1.518	1.443	1.465	1.549	1.556	1.557	1.565	1.566	1.575	1.570	1.605	1.566	1.603	1.598	1.571	1.617	1.615	1.624	1.618	1.623	1.627	1.625	1.627	1.605	1.645	1.633	1.632	1.635	1.633	1.651	1.651	1.652	1.649	1.652	1.655	1.644	1.657	1.668	1.652	1.649	1.658	1.643	1.659	1.661	1.667	1.660	1.667	1.665	1.675	1.666	1.681
11:29:35	32.6	1.638	1.632	1.637	1.636	1.647	1.652	1.662	1.667	1.666	1.671	1.671	1.664	0.098	0.101	0.099	0.100	0.098	0.100	0.097	0.098	0.098	0.101	0.099	0.099	1.033	1.042	1.051	1.040	1.002	1.078	1.052	1.044	1.090	1.048	1.057	1.098	1.450	1.441	1.444	1.468	1.492	1.482	1.486	1.506	1.507	1.522	1.449	1.469	1.556	1.559	1.563	1.569	1.571	1.581	1.574	1.610	1.570	1.603	1.597	1.571	1.619	1.618	1.626	1.618	1.624	1.628	1.628	1.628	1.608	1.645	1.633	1.633	1.637	1.634	1.652	1.653	1.653	1.649	1.653	1.656	1.645	1.658	1.670	1.650	1.651	1.659	1.644	1.660	1.661	1.668	1.662	1.668	1.665	1.675	1.666	1.681
11:39:35	32.6	1.637	1.635	1.637	1.636	1.648	1.652	1.662	1.667	1.666	1.672	1.673	1.663	0.098	0.100	0.099	0.100	0.098	0.100	0.097	0.098	0.098	0.101	0.099	0.100	1.042	1.052	1.061	1.051	1.015	1.091	1.063	1.055	1.104	1.057	1.068	1.109	1.451	1.448	1.447	1.474	1.496	1.486	1.489	1.509	1.512	1.525	1.453	1.472	1.560	1.564	1.567	1.574	1.575	1.584	1.576	1.612	1.574	1.602	1.597	1.570	1.619	1.619	1.627	1.619	1.625	1.629	1.629	1.629	1.609	1.644	1.632	1.635	1.638	1.636	1.655	1.655	1.653	1.650	1.654	1.657	1.645	1.658	1.670	1.648	1.652	1.661	1.646	1.661	1.661	1.668	1.662	1.669	1.665	1.676	1.666	1.681
11:49:35	32.6	1.647	1.645	1.643	1.640	1.651	1.659	1.664	1.669	1.667	1.673	1.673	1.663	0.098	0.101	0.100	0.100	0.098	0.100	0.097	0.099	0.099	0.101	0.099	0.099	1.061	1.067	1.075	1.066	1.032	1.108	1.076	1.069	1.122	1.081	1.098	1.120	1.455	1.480	1.450	1.490	1.562	1.518	1.505	1.548	1.534	1.555	1.455	1.481	1.565	1.571	1.570	1.579	1.579	1.589	1.582	1.625	1.575	1.605	1.596	1.569	1.622	1.621	1.629	1.621	1.627	1.631	1.632	1.632	1.611	1.650	1.630	1.636	1.640	1.637	1.658	1.657	1.656	1.652	1.657	1.661	1.643	1.660	1.669	1.648	1.654	1.662	1.648	1.662	1.663	1.668	1.661	1.670	1.666	1.678	1.667	1.679
11:59:35	32.6	1.642	1.631	1.640	1.638	1.649	1.657	1.663	1.668	1.666	1.672	1.672	1.662	0.098	0.101	0.100	0.100	0.098	0.100	0.099	0.098	0.099	0.101	0.099	0.100	1.072	1.078	1.085	1.076	1.044	1.120	1.089	1.079	1.133	1.086	1.103	1.130	1.457	1.464	1.453	1.488	1.528	1.503	1.500	1.527	1.526	1.547	1.461	1.481	1.565	1.574	1.571	1.580	1.580	1.588	1.579	1.618	1.576	1.602	1.595	1.568	1.622	1.622	1.631	1.620	1.627	1.631	1.631	1.631	1.611	1.645	1.629	1.635	1.640	1.638	1.658	1.656	1.655	1.651	1.656	1.659	1.641	1.659	1.671	1.646	1.652	1.661	1.647	1.662	1.661	1.667	1.660	1.668	1.665	1.677	1.667	1.679
12:09:35	32.6	1.637	1.628	1.640	1.637	1.649	1.655	1.664	1.667	1.664	1.670	1.671	1.660	0.098	0.101	0.100	0.100	0.098	0.100	0.098	0.099	0.099	0.101	0.099	0.100	1.080	1.089	1.094	1.083	1.053	1.130	1.101	1.085	1.143	1.094	1.110	1.141	1.458	1.463	1.457	1.489	1.513	1.501	1.496	1.524	1.532	1.540	1.463	1.479	1.565	1.574	1.572	1.580	1.580	1.588	1.578	1.615	1.577	1.599	1.594	1.566	1.621	1.622	1.630	1.621	1.627	1.630	1.631	1.632	1.612	1.641	1.627	1.634	1.640	1.638	1.657	1.655	1.655	1.656	1.655	1.657	1.639	1.658	1.669	1.643	1.653	1.661	1.645	1.661	1.658	1.668	1.657	1.667	1.664	1.675	1.666	1.676
12:19:35	32.6	1.687	1.635	1.668	1.651	1.673	1.675	1.686	1.667	1.664	1.671	1.670	1.661	0.098	0.101	0.100	0.100	0.098	0.101	0.097	0.099	0.099	0.101	0.099	0.100	1.105	1.119	1.122	1.114	1.073	1.148	1.117	1.100	1.155	1.137	1.159	1.153	1.458	1.509	1.460	1.528	1.559	1.528	1.588	1.548	1.545	1.554	1.462	1.508	1.573	1.585	1.580	1.620	1.590	1.607	1.597	1.640	1.576	1.592	1.588	1.565	1.627	1.625	1.634	1.625	1.632	1.635	1.639	1.635	1.615	1.647	1.627	1.633	1.645	1.641	1.658	1.659	1.661	1.662	1.658	1.657	1.635	1.659	1.666	1.643	1.658	1.664	1.644	1.662	1.659	1.678	1.658	1.665	1.664	1.674	1.668	1.673
12:29:35	32.6	1.639	1.643	1.642	1.638	1.650	1.653	1.664	1.663	1.661	1.669	1.668	1.658	0.098	0.102	0.100	0.100	0.098	0.101	0.097	0.099	0.099	0.101	0.099	0.100	1.103	1.119	1.122	1.114	1.077	1.152	1.127	1.104	1.161	1.123	1.142	1.163	1.478	1.471	1.461	1.496	1.518	1.500	1.499	1.522	1.524	1.536	1.463	1.477	1.565	1.575	1.573	1.581	1.580	1.588	1.577	1.615	1.576	1.596	1.591	1.564	1.621	1.621	1.630	1.621	1.627	1.630	1.632	1.629	1.612	1.635	1.627	1.631	1.640	1.638	1.657	1.653	1.652	1.654	1.651	1.652	1.634	1.652	1.665	1.638	1.650	1.658	1.641	1.657	1.653	1.664	1.653	1.661	1.658	1.670	1.661	1.671
12:39:35	32.6	1.639	1.640	1.646	1.637	1.650	1.652	1.663	1.661	1.659	1.667	1.665	1.657	0.098	0.101	0.100	0.100	0.098	0.101	0.097	0.099	0.099	0.101	0.099	0.100	1.111	1.127	1.132	1.123	1.088	1.161	1.135	1.113	1.169	1.135	1.155	1.173	1.478	1.472	1.460	1.497	1.514	1.499	1.497	1.517	1.522	1.532	1.462	1.476	1.566	1.576	1.573	1.582	1.580	1.588	1.576	1.614	1.576	1.593	1.589	1.563	1.621	1.622	1.630	1.621	1.628	1.629	1.630	1.628	1.611	1.633	1.624	1.629	1.640	1.638	1.655	1.651	1.650	1.652	1.648	1.650	1.631	1.649	1.662	1.636	1.649	1.657	1.639	1.654	1.650	1.661	1.650	1.658	1.655	1.667	1.659	1.669
12:49:35	32.6	1.634	1.618	1.638	1.633	1.648	1.650	1.661	1.659	1.658	1.664	1.663	1.656	0.098	0.102	0.100	0.100	0.099	0.101	0.097	0.099	0.099	0.101	0.099	0.100	1.118	1.132	1.137	1.127	1.094	1.167	1.142	1.121	1.175	1.144	1.161	1.184	1.473	1.468	1.459	1.494	1.511	1.496	1.494	1.518	1.521	1.536	1.461	1.475	1.565	1.575	1.572	1.582	1.579	1.586	1.575	1.611	1.574	1.589	1.586	1.561	1.620	1.621	1.629	1.620	1.625	1.626	1.628	1.627	1.609	1.630	1.622	1.628	1.639	1.637	1.651	1.648	1.647	1.649	1.648	1.645	1.629	1.647	1.659	1.634	1.648	1.655	1.635	1.652	1.647	1.658	1.648	1.655	1.652	1.667	1.656	1.666
12:59:35	32.6	1.635	1.622	1.636	1.631	1.647	1.647	1.658	1.656	1.655	1.662	1.661	1.655	0.098	0.102	0.101	0.101	0.099	0.101	0.097	0.099	0.099	0.102	0.099	0.100	1.123	1.139	1.144	1.133	1.099	1.174	1.148	1.130	1.180	1.152	1.167	1.198	1.472	1.466	1.458	1.492	1.506	1.493	1.491	1.514	1.514	1.531	1.460	1.474	1.565	1.574	1.572	1.581	1.578	1.585	1.574	1.609	1.573	1.587	1.583	1.560	1.619	1.620	1.628	1.618	1.624	1.624	1.626	1.625	1.606	1.626	1.619	1.628	1.638	1.634	1.650	1.649	1.645	1.646	1.645	1.642	1.626	1.644	1.655	1.631	1.645	1.653	1.632	1.649	1.644	1.655	1.645	1.652	1.649	1.665	1.653	1.664
13:09:35	32.6	1.713	1.649	1.688	1.646	1.685	1.653	1.662	1.655	1.655	1.660	1.661	1.653	0.098	0.102	0.101	0.101	0.099	0.102	0.098	0.099	0.099	0.102	0.099	0.100	1.141	1.161	1.173	1.157	1.117	1.198	1.159	1.148	1.187	1.175	1.189	1.209	1.476	1.509	1.456	1.516	1.559	1.531	1.527	1.551	1.532	1.556	1.456	1.481	1.568	1.576	1.573	1.584	1.580	1.588	1.578	1.616	1.572	1.590	1.582	1.561	1.620	1.621	1.628	1.618	1.624	1.624	1.627	1.625	1.607	1.629	1.616	1.627	1.639	1.633	1.656	1.649	1.646	1.648	1.646	1.643	1.623	1.643	1.651	1.631	1.646	1.653	1.633	1.650	1.649	1.665	1.644	1.650	1.649	1.663	1.652	1.662
13:19:35	32.6	1.689	1.642	1.670	1.632	1.665	1.645	1.655	1.651	1.652	1.657	1.656	1.652	0.098	0.102	0.101	0.102	0.099	0.101	0.098	0.099	0.099	0.102	0.100	0.100	1.146	1.165	1.172	1.159	1.121	1.191	1.164	1.153	1.193	1.175	1.189	1.215	1.474	1.479	1.453	1.497	1.532	1.502	1.496	1.526	1.517	1.543	1.454	1.474	1.566	1.575	1.570	1.580	1.577	1.583	1.574	1.610	1.571	1.587	1.581	1.558	1.616	1.618	1.623	1.613	1.619	1.619	1.622	1.620	1.604	1.624	1.614	1.624	1.635	1.631	1.649	1.643	1.641	1.642	1.639	1.640	1.621	1.638	1.649	1.627	1.641	1.647	1.629	1.646	1.641	1.652	1.640	1.647	1.644	1.659	1.648	1.659
13:29:35	32.6	1.688	1.628	1.654	1.626	1.656	1.643	1.653	1.649	1.649	1.654	1.654	1.650	0.098	0.102	0.101	0.101	0.099	0.102	0.098	0.101	0.099	0.102	0.099	0.100	1.149	1.170	1.178	1.167	1.126	1.198	1.169	1.161	1.195	1.181	1.194	1.220	1.480	1.471	1.451	1.492	1.526	1.498	1.492	1.512	1.507	1.533	1.452	1.473	1.564	1.574	1.570	1.579	1.575	1.581	1.570	1.606	1.569	1.582	1.577	1.557	1.613	1.615	1.621	1.610	1.617	1.616	1.618	1.617	1.600	1.620	1.611	1.620	1.631	1.628	1.647	1.639	1.636	1.637	1.635	1.636	1.617	1.633	1.646	1.623	1.637	1.643	1.626	1.644	1.638	1.649	1.637	1.644	1.641	1.656	1.645	1.656
13:39:35	32.6	1.761	1.654	1.704	1.641	1.697	1.644	1.653	1.647	1.649	1.652	1.652	1.649	0.098	0.102	0.101	0.101	0.099	0.101	0.098	0.099	0.099	0.102	0.099	0.101	1.166	1.183	1.187	1.172	1.136	1.213	1.177	1.170	1.199	1.186	1.198	1.224	1.478	1.484	1.449	1.515	1.546	1.514	1.500	1.538	1.525	1.550	1.451	1.475	1.565	1.574	1.571	1.579	1.576	1.581	1.572	1.607	1.567	1.581	1.575	1.557	1.612	1.613	1.619	1.609	1.615	1.614	1.617	1.615	1.598	1.619	1.607	1.619	1.630	1.626	1.647	1.637	1.635	1.636	1.634	1.632	1.614	1.632	1.643	1.623	1.634	1.640	1.625	1.642	1.637	1.653	1.636	1.641	1.639	1.654	1.643	1.653
13:49:35	32.6	1.760	1.644	1.711	1.639	1.691	1.640	1.649	1.645	1.646	1.649	1.649	1.648	0.098	0.102	0.102	0.101	0.099	0.101	0.098	0.100	0.100	0.102	0.099	0.100	1.169	1.182	1.186	1.172	1.139	1.206	1.180	1.171	1.200	1.185	1.197	1.227	1.471	1.475	1.447	1.492	1.524	1.492	1.488	1.510	1.507	1.525	1.449	1.474	1.564	1.572	1.569	1.577	1.573	1.579	1.571	1.602	1.566	1.577	1.573	1.555	1.608	1.611	1.617	1.607	1.614	1.611	1.613	1.613	1.595	1.615	1.605	1.617	1.626	1.623	1.641	1.632	1.632	1.632	1.630	1.628	1.611	1.628	1.640	1.619	1.630	1.636	1.621	1.640	1.634	1.647	1.634	1.638	1.636	1.650	1.639	1.651
13:59:35	32.6	1.783	1.665	1.736	1.648	1.714	1.639	1.649	1.643	1.645	1.646	1.647	1.647	0.098	0.102	0.101	0.102	0.099	0.101	0.098	0.099	0.099	0.102	0.100	0.100	1.184	1.191	1.195	1.179	1.146	1.222	1.185	1.179	1.203	1.189	1.202	1.230	1.477	1.480	1.445	1.510	1.544	1.504	1.504	1.532	1.515	1.535	1.448	1.474	1.563	1.571	1.569	1.575	1.572	1.577	1.569	1.601	1.565	1.578	1.574	1.554	1.606	1.608	1.614	1.604	1.610	1.607	1.610	1.609	1.592	1.613	1.602	1.614	1.623	1.621	1.642	1.629	1.628	1.628	1.627	1.625	1.608	1.626	1.637	1.617	1.627	1.633	1.619	1.637	1.632	1.646	1.631	1.635	1.633	1.647	1.637	1.649
14:09:35	32.6	1.770	1.657	1.733	1.639	1.708	1.635	1.643	1.640	1.643	1.644	1.644	1.645	0.099	0.102	0.101	0.101	0.099	0.101	0.098	0.099	0.099	0.102	0.100	0.101	1.185	1.194	1.195	1.181	1.150	1.222	1.189	1.181	1.206	1.191	1.203	1.232	1.475	1.476	1.443	1.510	1.542	1.500	1.498	1.531	1.522	1.536	1.446	1.473	1.561	1.568	1.568	1.572	1.570	1.574	1.566	1.598	1.563	1.576	1.572	1.552	1.602	1.603	1.610	1.600	1.606	1.604	1.606	1.605	1.588	1.610	1.600	1.611	1.618	1.618	1.637	1.625	1.624	1.624	1.623	1.620	1.606	1.622	1.634	1.614	1.623	1.628	1.616	1.635	1.629	1.641	1.629	1.632	1.630	1.645	1.634	1.646
14:19:35	32.6	1.781	1.671	1.745	1.641	1.718	1.633	1.643	1.639	1.641	1.641	1.641	1.644	0.098	0.102	0.101	0.101	0.099	0.101	0.099	0.099	0.099	0.102	0.100	0.100	1.194	1.196	1.199	1.186	1.156	1.223	1.193	1.184	1.208	1.193	1.205	1.236	1.475	1.473	1.442	1.509	1.536	1.502	1.502	1.524	1.516	1.536	1.444	1.473	1.559	1.567	1.567	1.569	1.568	1.571	1.564	1.596	1.562	1.573	1.570	1.551	1.599	1.601	1.607	1.597	1.603	1.601	1.603	1.602	1.585	1.607	1.597	1.609	1.614	1.615	1.635	1.622	1.621	1.621	1.619	1.617	1.603	1.619	1.632	1.612	1.621	1.629	1.614	1.633	1.627	1.639	1.627	1.629	1.627	1.642	1.631	1.643
14:29:35	32.6	1.779	1.677	1.744	1.643	1.724	1.631	1.639	1.637	1.637	1.639	1.639	1.642	0.098	0.102	0.101	0.101	0.099	0.101	0.098	0.099	0.100	0.102	0.100	0.101	1.198	1.199	1.200	1.189	1.161	1.229	1.196	1.187	1.211	1.196	1.208	1.238	1.475	1.469	1.440	1.512	1.532	1.498	1.498	1.527	1.515	1.527	1.443	1.473	1.557	1.564	1.565	1.566	1.566	1.569	1.561	1.594	1.560	1.573	1.569	1.550	1.596	1.596	1.604	1.594	1.600	1.597	1.600	1.600	1.581	1.605	1.594	1.606	1.609	1.612	1.633	1.618	1.617	1.617	1.616	1.614	1.601	1.617	1.629	1.610	1.619	1.622	1.612	1.630	1.624	1.635	1.624	1.626	1.625	1.639	1.628	1.641
14:39:35	32.6	1.806	1.700	1.757	1.652	1.742	1.629	1.643	1.634	1.636	1.636	1.636	1.641	0.098	0.102	0.101	0.101	0.099	0.101	0.098	0.099	0.102	0.102	0.101	0.100	1.211	1.202	1.202	1.193	1.166	1.231	1.199	1.190	1.214	1.198	1.210	1.242	1.473	1.466	1.439	1.508	1.525	1.495	1.500	1.520	1.508	1.523	1.441	1.472	1.556	1.562	1.564	1.564	1.564	1.566	1.559	1.590	1.558	1.568	1.565	1.548	1.593	1.593	1.600	1.592	1.597	1.594	1.597	1.596	1.578	1.601	1.592	1.604	1.606	1.610	1.630	1.614	1.614	1.613	1.612	1.610	1.598	1.614	1.625	1.607	1.617	1.619	1.609	1.627	1.625	1.634	1.623	1.623	1.622	1.636	1.626	1.638
14:49:35	32.6	1.779	1.681	1.728	1.646	1.716	1.626	1.635	1.631	1.634	1.634	1.634	1.638	0.098	0.102	0.101	0.101	0.099	0.101	0.098	0.099	0.099	0.102	0.100	0.101	1.208	1.203	1.204	1.195	1.169	1.230	1.201	1.192	1.215	1.200	1.213	1.244	1.469	1.460	1.437	1.500	1.523	1.489	1.487	1.516	1.508	1.516	1.439	1.472	1.553	1.559	1.562	1.561	1.562	1.563	1.556	1.587	1.556	1.566	1.563	1.547	1.589	1.589	1.597	1.589	1.593	1.590	1.593	1.593	1.574	1.598	1.589	1.602	1.601	1.607	1.626	1.610	1.609	1.609	1.608	1.606	1.595	1.611	1.622	1.605	1.611	1.617	1.607	1.625	1.620	1.629	1.620	1.620	1.619	1.634	1.623	1.635
14:59:35	32.6	1.795	1.700	1.746	1.651	1.726	1.624	1.635	1.629	1.633	1.632	1.631	1.637	0.098	0.102	0.101	0.102	0.099	0.101	0.098	0.100	0.099	0.102	0.100	0.101	1.218	1.206	1.207	1.198	1.172	1.239	1.205	1.194	1.217	1.202	1.216	1.249	1.469	1.458	1.437	1.495	1.523	1.485	1.483	1.516	1.500	1.510	1.438	1.472	1.552	1.557	1.561	1.558	1.560	1.560	1.553	1.585	1.554	1.565	1.562	1.546	1.587	1.586	1.594	1.586	1.590	1.587	1.589	1.590	1.571	1.596	1.587	1.600	1.597	1.605	1.624	1.607	1.607	1.606	1.605	1.603	1.593	1.608	1.619	1.606	1.609	1.613	1.605	1.623	1.618	1.626	1.618	1.618	1.617	1.631	1.620	1.633
15:09:35	32.6	1.768	1.694	1.720	1.641	1.708	1.622	1.630	1.627	1.630	1.629	1.630	1.636	0.098	0.102	0.101	0.102	0.099	0.102	0.098	0.099	0.099	0.102	0.100	0.101	1.216	1.208	1.209	1.200	1.174	1.240	1.207	1.196	1.218	1.205	1.218	1.251	1.472	1.450	1.435	1.476	1.510	1.474	1.472	1.497	1.487	1.502	1.436	1.470	1.550	1.556	1.562	1.557	1.559	1.558	1.553	1.582	1.552	1.562	1.560	1.545	1.583	1.583	1.592	1.583	1.587	1.583	1.586	1.587	1.568	1.593	1.585	1.598	1.593	1.601	1.620	1.603	1.604	1.603	1.601	1.601	1.591	1.605	1.616	1.603	1.606	1.607	1.601	1.619	1.615	1.623	1.615	1.615	1.613	1.629	1.618	1.630
15:19:35	32.6	1.790	1.712	1.736	1.653	1.718	1.620	1.628	1.625	1.629	1.627	1.627	1.634	0.099	0.103	0.101	0.101	0.099	0.100	0.100	0.099	0.099	0.102	0.100	0.101	1.227	1.212	1.214	1.203	1.179	1.245	1.211	1.200	1.223	1.209	1.223	1.256	1.468	1.447	1.435	1.472	1.502	1.468	1.470	1.491	1.485	1.500	1.434	1.470	1.549	1.555	1.562	1.555	1.558	1.556	1.550	1.580	1.550	1.560	1.557	1.544	1.581	1.580	1.590	1.581	1.585	1.581	1.583	1.585	1.565	1.591	1.583	1.597	1.589	1.599	1.618	1.599	1.601	1.600	1.599	1.597	1.589	1.603	1.612	1.601	1.604	1.606	1.600	1.618	1.613	1.621	1.613	1.612	1.611	1.626	1.615	1.628
15:29:35	32.6	1.764	1.697	1.710	1.636	1.690	1.618	1.623	1.623	1.627	1.625	1.625	1.633	0.098	0.102	0.101	0.101	0.099	0.101	0.098	0.099	0.099	0.102	0.100	0.101	1.229	1.214	1.217	1.208	1.181	1.246	1.216	1.204	1.223	1.212	1.226	1.259	1.467	1.444	1.433	1.468	1.499	1.464	1.468	1.486	1.482	1.497	1.433	1.469	1.546	1.553	1.560	1.552	1.556	1.553	1.548	1.577	1.549	1.559	1.556	1.543	1.577	1.576	1.586	1.577	1.581	1.577	1.579	1.581	1.561	1.588	1.581	1.595	1.586	1.596	1.615	1.596	1.597	1.596	1.595	1.595	1.589	1.599	1.610	1.599	1.601	1.603	1.597	1.615	1.611	1.618	1.610	1.610	1.609	1.624	1.613	1.625
15:39:35	32.6	1.751	1.697	1.699	1.627	1.678	1.615	1.621	1.620	1.624	1.623	1.622	1.632	0.098	0.102	0.101	0.101	0.099	0.100	0.098	0.099	0.099	0.102	0.100	0.101	1.228	1.217	1.222	1.211	1.183	1.245	1.220	1.207	1.223	1.215	1.228	1.262	1.466	1.440	1.432	1.462	1.492	1.460	1.465	1.481	1.477	1.494	1.432	1.468	1.545	1.553	1.559	1.550	1.556	1.551	1.547	1.574	1.548	1.556	1.554	1.541	1.574	1.574	1.584	1.575	1.579	1.575	1.576	1.578	1.559	1.585	1.579	1.593	1.582	1.593	1.612	1.593	1.596	1.594	1.592	1.591	1.587	1.597	1.607	1.598	1.597	1.600	1.595	1.613	1.608	1.615	1.608	1.607	1.607	1.621	1.611	1.623
15:49:35	32.6	1.779	1.705	1.727	1.640	1.693	1.614	1.621	1.619	1.624	1.622	1.620	1.631	0.099	0.102	0.101	0.101	0.099	0.100	0.098	0.099	0.099	0.102	0.100	0.102	1.239	1.222	1.226	1.217	1.186	1.248	1.225	1.210	1.220	1.217	1.230	1.265	1.467	1.439	1.431	1.462	1.490	1.461	1.463	1.481	1.476	1.492	1.430	1.467	1.545	1.551	1.559	1.549	1.554	1.550	1.545	1.573	1.546	1.554	1.552	1.541	1.572	1.571	1.582	1.573	1.577	1.572	1.574	1.576	1.557	1.584	1.577	1.593	1.580	1.591	1.610	1.590	1.592	1.591	1.589	1.588	1.585	1.595	1.604	1.596	1.596	1.599	1.593	1.611	1.608	1.614	1.606	1.605	1.605	1.619	1.609	1.621
15:59:35	32.6	1.747	1.690	1.697	1.625	1.667	1.612	1.616	1.616	1.622	1.620	1.618	1.628	0.098	0.102	0.101	0.101	0.099	0.101	0.098	0.099	0.102	0.102	0.100	0.101	1.242	1.226	1.230	1.220	1.190	1.243	1.227	1.212	1.215	1.218	1.228	1.268	1.466	1.435	1.431	1.457	1.487	1.457	1.460	1.476	1.471	1.490	1.429	1.466	1.543	1.549	1.556	1.546	1.552	1.546	1.543	1.570	1.545	1.552	1.550	1.539	1.569	1.568	1.578	1.569	1.573	1.569	1.570	1.573	1.554	1.581	1.574	1.592	1.575	1.588	1.607	1.587	1.589	1.587	1.586	1.585	1.582	1.591	1.602	1.594	1.593	1.594	1.590	1.609	1.605	1.611	1.603	1.603	1.603	1.617	1.606	1.618
16:09:35	32.6	1.674	1.641	1.642	1.596	1.615	1.611	1.614	1.614	1.620	1.619	1.617	1.627	0.099	0.102	0.101	0.101	0.099	0.100	0.098	0.099	0.099	0.102	0.100	0.102	1.224	1.227	1.229	1.220	1.192	1.229	1.225	1.214	1.209	1.215	1.224	1.267	1.465	1.427	1.430	1.448	1.469	1.449	1.454	1.467	1.465	1.484	1.428	1.465	1.541	1.548	1.555	1.544	1.550	1.544	1.539	1.564	1.544	1.548	1.548	1.537	1.565	1.565	1.575	1.569	1.571	1.566	1.566	1.570	1.551	1.575	1.573	1.595	1.572	1.585	1.604	1.582	1.583	1.580	1.581	1.581	1.580	1.588	1.600	1.592	1.589	1.590	1.587	1.607	1.601	1.606	1.600	1.601	1.601	1.615	1.604	1.616
16:19:35	32.6	1.768	1.723	1.717	1.631	1.678	1.610	1.616	1.614	1.619	1.618	1.617	1.626	0.099	0.101	0.101	0.101	0.099	0.101	0.099	0.099	0.098	0.102	0.100	0.102	1.249	1.231	1.235	1.224	1.198	1.235	1.225	1.217	1.204	1.214	1.222	1.267	1.464	1.430	1.428	1.449	1.470	1.450	1.454	1.468	1.463	1.483	1.426	1.466	1.543	1.548	1.555	1.546	1.551	1.545	1.541	1.565	1.542	1.547	1.546	1.538	1.565	1.565	1.575	1.568	1.570	1.565	1.566	1.569	1.549	1.577	1.571	1.595	1.571	1.583	1.604	1.580	1.585	1.582	1.582	1.579	1.578	1.586	1.597	1.592	1.589	1.589	1.587	1.605	1.600	1.605	1.599	1.599	1.600	1.614	1.603	1.614
16:29:35	32.6	1.694	1.662	1.654	1.595	1.621	1.608	1.611	1.612	1.616	1.616	1.614	1.624	0.098	0.101	0.101	0.101	0.099	0.102	0.098	0.099	0.099	0.102	0.100	0.102	1.236	1.228	1.231	1.221	1.199	1.223	1.222	1.217	1.199	1.211	1.217	1.265	1.463	1.424	1.427	1.444	1.466	1.446	1.450	1.465	1.461	1.480	1.424	1.465	1.542	1.546	1.553	1.544	1.547	1.542	1.537	1.561	1.541	1.546	1.545	1.537	1.562	1.563	1.572	1.564	1.567	1.561	1.561	1.566	1.546	1.573	1.569	1.594	1.567	1.580	1.600	1.577	1.579	1.576	1.577	1.576	1.576	1.583	1.594	1.590	1.585	1.586	1.584	1.603	1.597	1.602	1.596	1.597	1.597	1.612	1.600	1.612
16:39:35	32.6	1.790	1.733	1.750	1.648	1.700	1.610	1.622	1.611	1.614	1.615	1.613	1.622	0.099	0.101	0.100	0.101	0.099	0.102	0.098	0.099	0.101	0.101	0.099	0.102	1.272	1.235	1.239	1.226	1.205	1.234	1.221	1.219	1.195	1.209	1.216	1.263	1.462	1.427	1.426	1.444	1.470	1.447	1.452	1.465	1.461	1.479	1.423	1.466	1.544	1.545	1.553	1.545	1.547	1.544	1.539	1.562	1.539	1.544	1.542	1.537	1.562	1.562	1.571	1.563	1.566	1.561	1.562	1.566	1.545	1.574	1.567	1.593	1.565	1.578	1.600	1.576	1.580	1.576	1.576	1.575	1.573	1.583	1.591	1.589	1.586	1.585	1.583	1.602	1.596	1.600	1.596	1.596	1.597	1.610	1.598	1.611
16:49:35	32.6	1.641	1.631	1.610	1.589	1.601	1.605	1.608	1.610	1.613	1.613	1.612	1.620	0.098	0.101	0.103	0.101	0.099	0.100	0.098	0.099	0.098	0.101	0.099	0.103	1.231	1.220	1.222	1.214	1.202	1.212	1.214	1.213	1.187	1.202	1.207	1.262	1.461	1.419	1.425	1.438	1.460	1.439	1.445	1.457	1.457	1.475	1.421	1.464	1.539	1.543	1.551	1.541	1.544	1.540	1.535	1.556	1.538	1.541	1.540	1.535	1.558	1.560	1.567	1.561	1.563	1.558	1.556	1.563	1.541	1.567	1.565	1.592	1.562	1.574	1.593	1.572	1.575	1.570	1.571	1.569	1.572	1.578	1.589	1.586	1.580	1.581	1.580	1.599	1.592	1.597	1.593	1.594	1.595	1.608	1.596	1.608
16:59:35	32.6	1.657	1.649	1.626	1.589	1.609	1.604	1.607	1.609	1.611	1.613	1.611	1.619	0.098	0.101	0.101	0.101	0.099	0.100	0.098	0.099	0.099	0.101	0.099	0.104	1.235	1.215	1.218	1.209	1.201	1.208	1.210	1.210	1.182	1.198	1.203	1.260	1.458	1.418	1.423	1.435	1.459	1.437	1.442	1.455	1.457	1.477	1.418	1.465	1.538	1.542	1.550	1.540	1.543	1.540	1.535	1.554	1.536	1.538	1.539	1.534	1.555	1.558	1.566	1.560	1.562	1.556	1.554	1.561	1.539	1.565	1.563	1.592	1.560	1.572	1.590	1.571	1.574	1.568	1.569	1.568	1.570	1.575	1.586	1.585	1.577	1.578	1.579	1.598	1.590	1.595	1.591	1.593	1.593	1.607	1.594	1.607
17:09:35	32.6	1.766	1.718	1.713	1.643	1.674	1.606	1.610	1.608	1.610	1.612	1.610	1.619	0.098	0.101	0.100	0.101	0.099	0.099	0.098	0.099	0.103	0.101	0.099	0.103	1.275	1.223	1.227	1.213	1.206	1.219	1.208	1.212	1.179	1.197	1.202	1.258	1.461	1.422	1.423	1.439	1.462	1.438	1.443	1.457	1.456	1.474	1.416	1.466	1.540	1.542	1.551	1.542	1.543	1.542	1.538	1.556	1.535	1.538	1.537	1.536	1.557	1.557	1.565	1.560	1.561	1.556	1.554	1.561	1.537	1.567	1.562	1.591	1.559	1.571	1.592	1.573	1.575	1.569	1.569	1.567	1.568	1.575	1.583	1.585	1.577	1.578	1.578	1.597	1.590	1.595	1.590	1.591	1.592	1.606	1.593	1.606
17:19:35	32.6	1.702	1.636	1.651	1.597	1.620	1.601	1.604	1.607	1.609	1.611	1.609	1.617	0.099	0.101	0.101	0.101	0.099	0.099	0.098	0.099	0.098	0.101	0.102	0.104	1.247	1.210	1.215	1.204	1.200	1.204	1.202	1.207	1.173	1.192	1.196	1.258	1.458	1.413	1.422	1.431	1.457	1.433	1.438	1.452	1.450	1.468	1.415	1.466	1.537	1.540	1.548	1.539	1.540	1.538	1.533	1.552	1.533	1.536	1.536	1.535	1.553	1.554	1.561	1.556	1.557	1.552	1.549	1.557	1.535	1.563	1.560	1.590	1.555	1.567	1.587	1.568	1.569	1.564	1.565	1.572	1.566	1.571	1.581	1.584	1.573	1.574	1.576	1.594	1.588	1.592	1.588	1.589	1.591	1.604	1.591	1.604
17:29:35	32.6	1.691	1.663	1.644	1.596	1.624	1.600	1.603	1.607	1.607	1.609	1.608	1.616	0.099	0.101	0.100	0.103	0.099	0.099	0.104	0.098	0.103	0.101	0.099	0.105	1.250	1.208	1.215	1.200	1.199	1.206	1.200	1.205	1.169	1.189	1.193	1.257	1.457	1.411	1.421	1.429	1.456	1.431	1.437	1.452	1.448	1.467	1.412	1.465	1.537	1.538	1.547	1.537	1.540	1.537	1.532	1.551	1.531	1.535	1.534	1.535	1.552	1.551	1.559	1.554	1.555	1.550	1.548	1.555	1.534	1.563	1.558	1.589	1.553	1.564	1.585	1.565	1.569	1.562	1.563	1.563	1.564	1.569	1.578	1.582	1.571	1.571	1.575	1.593	1.586	1.590	1.586	1.589	1.589	1.603	1.589	1.603
17:39:35	32.6	1.645	1.599	1.605	1.585	1.595	1.598	1.602	1.605	1.605	1.608	1.606	1.614	0.098	0.101	0.101	0.100	0.099	0.099	0.098	0.098	0.101	0.101	0.103	0.105	1.233	1.199	1.206	1.194	1.192	1.197	1.195	1.201	1.164	1.185	1.188	1.256	1.456	1.406	1.419	1.425	1.451	1.427	1.433	1.446	1.445	1.463	1.412	1.466	1.534	1.537	1.546	1.536	1.538	1.535	1.528	1.548	1.530	1.533	1.532	1.534	1.549	1.549	1.555	1.551	1.552	1.547	1.545	1.552	1.531	1.559	1.557	1.587	1.550	1.562	1.582	1.562	1.565	1.558	1.559	1.559	1.563	1.566	1.576	1.579	1.568	1.568	1.573	1.592	1.584	1.588	1.584	1.586	1.588	1.601	1.587	1.601
17:49:35	32.6	1.734	1.702	1.673	1.620	1.647	1.598	1.602	1.605	1.604	1.608	1.605	1.613	0.099	0.101	0.100	0.101	0.099	0.099	0.097	0.098	0.098	0.105	0.099	0.105	1.271	1.201	1.212	1.194	1.196	1.205	1.195	1.201	1.161	1.184	1.186	1.255	1.458	1.407	1.420	1.425	1.453	1.427	1.434	1.448	1.446	1.464	1.410	1.466	1.537	1.536	1.546	1.536	1.537	1.535	1.529	1.549	1.529	1.533	1.530	1.534	1.550	1.547	1.554	1.550	1.551	1.546	1.544	1.551	1.530	1.560	1.555	1.587	1.550	1.560	1.582	1.561	1.565	1.558	1.560	1.563	1.561	1.566	1.574	1.579	1.567	1.567	1.572	1.590	1.583	1.587	1.584	1.586	1.586	1.599	1.586	1.600
17:59:35	32.6	1.660	1.602	1.598	1.585	1.596	1.596	1.599	1.605	1.603	1.606	1.604	1.612	0.098	0.101	0.100	0.103	0.099	0.099	0.098	0.098	0.103	0.101	0.099	0.106	1.237	1.194	1.200	1.186	1.190	1.194	1.189	1.197	1.155	1.179	1.182	1.255	1.455	1.400	1.419	1.419	1.448	1.422	1.428	1.443	1.441	1.459	1.408	1.467	1.534	1.534	1.544	1.532	1.536	1.531	1.525	1.545	1.528	1.530	1.529	1.534	1.547	1.544	1.550	1.546	1.547	1.542	1.540	1.548	1.528	1.556	1.554	1.586	1.548	1.557	1.577	1.557	1.560	1.554	1.556	1.558	1.559	1.562	1.571	1.576	1.564	1.563	1.569	1.589	1.581	1.585	1.581	1.584	1.585	1.598	1.584	1.598
18:09:35	32.6	1.737	1.661	1.692	1.620	1.640	1.599	1.600	1.604	1.602	1.606	1.603	1.611	0.098	0.101	0.100	0.103	0.099	0.098	0.097	0.098	0.098	0.101	0.099	0.105	1.270	1.193	1.205	1.186	1.192	1.200	1.188	1.198	1.152	1.178	1.180	1.254	1.458	1.401	1.419	1.419	1.448	1.422	1.429	1.444	1.440	1.460	1.405	1.468	1.536	1.533	1.544	1.532	1.535	1.532	1.526	1.546	1.526	1.529	1.527	1.534	1.547	1.543	1.549	1.546	1.546	1.541	1.540	1.547	1.526	1.557	1.552	1.585	1.548	1.555	1.578	1.558	1.561	1.554	1.556	1.557	1.557	1.561	1.569	1.576	1.564	1.567	1.569	1.588	1.581	1.584	1.580	1.582	1.584	1.597	1.582	1.597
18:19:35	32.6	1.651	1.620	1.593	1.585	1.594	1.594	1.598	1.602	1.600	1.603	1.601	1.609	0.098	0.100	0.100	0.100	0.099	0.098	0.100	0.098	0.097	0.102	0.099	0.105	1.233	1.185	1.192	1.178	1.184	1.189	1.182	1.193	1.147	1.174	1.175	1.254	1.456	1.395	1.417	1.413	1.442	1.416	1.424	1.439	1.436	1.456	1.405	1.468	1.531	1.530	1.541	1.528	1.532	1.528	1.521	1.541	1.525	1.527	1.525	1.533	1.543	1.539	1.544	1.542	1.542	1.537	1.535	1.543	1.523	1.552	1.550	1.584	1.544	1.551	1.573	1.553	1.556	1.548	1.551	1.553	1.556	1.557	1.567	1.574	1.560	1.560	1.567	1.587	1.578	1.582	1.578	1.581	1.582	1.595	1.580	1.595
18:29:35	32.6	1.624	1.577	1.582	1.583	1.593	1.593	1.597	1.601	1.599	1.602	1.601	1.609	0.099	0.100	0.102	0.100	0.099	0.098	0.101	0.098	0.097	0.101	0.099	0.105	1.224	1.179	1.185	1.173	1.180	1.186	1.179	1.192	1.144	1.172	1.172	1.253	1.455	1.391	1.417	1.409	1.438	1.413	1.421	1.435	1.432	1.452	1.403	1.467	1.530	1.528	1.540	1.526	1.531	1.526	1.520	1.538	1.524	1.525	1.523	1.533	1.541	1.536	1.542	1.540	1.539	1.535	1.533	1.542	1.522	1.550	1.549	1.584	1.541	1.548	1.570	1.552	1.554	1.546	1.549	1.552	1.554	1.554	1.565	1.572	1.558	1.558	1.566	1.586	1.576	1.581	1.577	1.580	1.581	1.594	1.579	1.594
18:39:35	32.6	1.689	1.662	1.628	1.593	1.609	1.593	1.597	1.600	1.597	1.601	1.600	1.608	0.099	0.100	0.100	0.103	0.099	0.098	0.097	0.098	0.098	0.100	0.099	0.105	1.252	1.180	1.188	1.174	1.181	1.189	1.177	1.191	1.140	1.170	1.170	1.253	1.456	1.393	1.417	1.409	1.438	1.414	1.420	1.436	1.433	1.454	1.400	1.468	1.531	1.527	1.540	1.526	1.531	1.526	1.520	1.539	1.522	1.525	1.523	1.534	1.542	1.535	1.541	1.538	1.537	1.534	1.532	1.540	1.521	1.551	1.548	1.583	1.542	1.546	1.571	1.553	1.554	1.546	1.549	1.551	1.552	1.553	1.563	1.572	1.557	1.559	1.565	1.585	1.575	1.579	1.577	1.578	1.580	1.593	1.578	1.593
18:49:35	32.6	1.688	1.660	1.631	1.591	1.603	1.591	1.595	1.599	1.596	1.600	1.597	1.607	0.098	0.100	0.102	0.103	0.098	0.098	0.097	0.098	0.101	0.100	0.099	0.105	1.254	1.178	1.190	1.172	1.180	1.188	1.175	1.189	1.137	1.168	1.167	1.252	1.456	1.389	1.415	1.407	1.436	1.412	1.419	1.435	1.431	1.452	1.397	1.468	1.532	1.525	1.536	1.524	1.529	1.524	1.518	1.538	1.521	1.524	1.521	1.534	1.542	1.532	1.538	1.535	1.535	1.531	1.530	1.538	1.518	1.549	1.547	1.581	1.540	1.543	1.569	1.550	1.552	1.543	1.547	1.549	1.550	1.551	1.560	1.570	1.556	1.556	1.563	1.584	1.574	1.577	1.575	1.578	1.579	1.591	1.576	1.590
18:59:35	32.6	1.708	1.641	1.652	1.597	1.603	1.592	1.595	1.598	1.595	1.599	1.597	1.607	0.098	0.100	0.099	0.100	0.098	0.097	0.098	0.098	0.098	0.100	0.098	0.105	1.261	1.176	1.188	1.169	1.179	1.188	1.172	1.188	1.134	1.167	1.165	1.252	1.456	1.388	1.415	1.404	1.435	1.409	1.417	1.433	1.429	1.449	1.396	1.469	1.532	1.524	1.535	1.522	1.527	1.523	1.517	1.536	1.519	1.521	1.520	1.535	1.542	1.530	1.535	1.533	1.533	1.530	1.528	1.536	1.517	1.548	1.545	1.581	1.539	1.541	1.567	1.548	1.550	1.542	1.545	1.547	1.549	1.549	1.558	1.569	1.554	1.554	1.562	1.583	1.573	1.575	1.574	1.577	1.578	1.589	1.575	1.590
19:09:35	32.6	1.721	1.650	1.639	1.594	1.599	1.591	1.595	1.596	1.595	1.598	1.595	1.606	0.098	0.100	0.100	0.099	0.098	0.098	0.097	0.099	0.097	0.100	0.098	0.106	1.272	1.174	1.189	1.167	1.178	1.187	1.171	1.186	1.130	1.164	1.162	1.252	1.456	1.384	1.413	1.401	1.432	1.407	1.418	1.431	1.427	1.447	1.394	1.469	1.534	1.521	1.532	1.520	1.525	1.521	1.515	1.535	1.518	1.520	1.518	1.536	1.542	1.528	1.533	1.531	1.530	1.527	1.526	1.534	1.515	1.547	1.544	1.580	1.537	1.537	1.566	1.546	1.548	1.540	1.544	1.546	1.548	1.547	1.556	1.568	1.552	1.551	1.561	1.581	1.571	1.575	1.572	1.576	1.577	1.588	1.574	1.588
19:19:35	32.6	1.608	1.586	1.564	1.584	1.596	1.591	1.593	1.595	1.593	1.596	1.594	1.604	0.098	0.100	0.099	0.101	0.098	0.098	0.101	0.097	0.098	0.100	0.098	0.105	1.217	1.164	1.176	1.158	1.170	1.179	1.164	1.183	1.127	1.159	1.159	1.252	1.453	1.378	1.411	1.395	1.426	1.401	1.410	1.426	1.421	1.442	1.391	1.468	1.526	1.519	1.531	1.517	1.523	1.518	1.512	1.532	1.516	1.517	1.515	1.534	1.537	1.524	1.530	1.528	1.527	1.524	1.523	1.531	1.513	1.542	1.542	1.579	1.534	1.535	1.560	1.542	1.544	1.535	1.540	1.543	1.546	1.544	1.554	1.565	1.549	1.548	1.559	1.580	1.569	1.573	1.571	1.575	1.575	1.586	1.572	1.586
19:29:35	32.6	1.596	1.550	1.563	1.584	1.595	1.590	1.592	1.594	1.592	1.596	1.593	1.603	0.098	0.099	0.103	0.103	0.098	0.097	0.097	0.097	0.097	0.100	0.099	0.106	1.213	1.159	1.171	1.154	1.165	1.175	1.160	1.181	1.123	1.157	1.156	1.251	1.452	1.375	1.409	1.392	1.423	1.398	1.408	1.422	1.412	1.438	1.391	1.468	1.525	1.518	1.530	1.515	1.523	1.516	1.511	1.529	1.515	1.515	1.514	1.534	1.536	1.523	1.528	1.526	1.524	1.522	1.521	1.530	1.511	1.541	1.540	1.581	1.533	1.533	1.558	1.540	1.542	1.533	1.538	1.542	1.544	1.543	1.553	1.564	1.547	1.547	1.558	1.580	1.569	1.572	1.570	1.574	1.574	1.586	1.571	1.586
19:39:35	32.6	1.641	1.610	1.600	1.583	1.596	1.589	1.592	1.593	1.591	1.595	1.593	1.603	0.098	0.099	0.099	0.099	0.098	0.097	0.097	0.098	0.096	0.100	0.098	0.106	1.237	1.157	1.169	1.153	1.164	1.174	1.158	1.179	1.119	1.156	1.153	1.252	1.453	1.373	1.410	1.390	1.421	1.395	1.407	1.421	1.406	1.437	1.388	1.469	1.526	1.516	1.528	1.515	1.522	1.515	1.511	1.528	1.513	1.515	1.513	1.534	1.535	1.521	1.525	1.525	1.523	1.520	1.520	1.528	1.510	1.540	1.540	1.581	1.531	1.531	1.557	1.539	1.541	1.531	1.537	1.540	1.542	1.542	1.550	1.564	1.546	1.545	1.558	1.580	1.568	1.571	1.569	1.574	1.574	1.584	1.570	1.585
19:49:35	32.6	1.654	1.618	1.594	1.583	1.595	1.588	1.591	1.592	1.589	1.594	1.592	1.602	0.098	0.100	0.099	0.101	0.098	0.097	0.097	0.099	0.097	0.100	0.098	0.106	1.258	1.157	1.174	1.152	1.165	1.175	1.157	1.177	1.117	1.155	1.152	1.251	1.454	1.373	1.409	1.389	1.420	1.394	1.408	1.420	1.407	1.436	1.385	1.469	1.526	1.515	1.527	1.514	1.520	1.514	1.510	1.528	1.512	1.514	1.513	1.534	1.534	1.519	1.524	1.523	1.521	1.519	1.522	1.527	1.508	1.540	1.539	1.579	1.531	1.529	1.556	1.538	1.540	1.530	1.536	1.539	1.541	1.540	1.548	1.564	1.546	1.545	1.557	1.579	1.567	1.570	1.569	1.573	1.573	1.583	1.569	1.584
19:59:35	32.6	1.645	1.611	1.597	1.582	1.593	1.587	1.590	1.590	1.588	1.592	1.591	1.600	0.098	0.099	0.099	0.102	0.098	0.097	0.096	0.103	0.097	0.100	0.098	0.106	1.250	1.155	1.171	1.149	1.164	1.173	1.155	1.176	1.113	1.153	1.148	1.250	1.455	1.370	1.407	1.387	1.418	1.392	1.406	1.418	1.403	1.434	1.384	1.469	1.524	1.513	1.524	1.512	1.518	1.513	1.508	1.527	1.511	1.512	1.512	1.533	1.534	1.516	1.521	1.520	1.518	1.517	1.518	1.526	1.507	1.538	1.538	1.578	1.530	1.526	1.555	1.537	1.538	1.528	1.534	1.538	1.539	1.537	1.547	1.561	1.545	1.545	1.555	1.577	1.566	1.568	1.567	1.572	1.572	1.581	1.567	1.583
20:09:35	32.6	1.630	1.635	1.577	1.582	1.592	1.586	1.589	1.590	1.586	1.592	1.590	1.599	0.098	0.100	0.099	0.100	0.098	0.097	0.096	0.102	0.096	0.099	0.098	0.106	1.246	1.153	1.169	1.147	1.161	1.170	1.153	1.174	1.110	1.151	1.145	1.250	1.455	1.367	1.405	1.384	1.416	1.390	1.405	1.415	1.402	1.432	1.381	1.469	1.524	1.510	1.521	1.510	1.516	1.511	1.506	1.524	1.509	1.512	1.510	1.532	1.534	1.514	1.518	1.518	1.516	1.514	1.515	1.524	1.505	1.536	1.537	1.577	1.529	1.523	1.552	1.535	1.536	1.526	1.533	1.537	1.537	1.535	1.545	1.561	1.544	1.543	1.555	1.576	1.565	1.567	1.566	1.571	1.572	1.580	1.566	1.581
20:19:35	32.6	1.657	1.671	1.586	1.582	1.592	1.586	1.588	1.588	1.586	1.590	1.589	1.599	0.099	0.100	0.100	0.102	0.098	0.097	0.096	0.099	0.097	0.099	0.098	0.106	1.271	1.150	1.168	1.145	1.160	1.170	1.151	1.172	1.107	1.148	1.143	1.250	1.454	1.365	1.404	1.381	1.414	1.388	1.406	1.413	1.401	1.429	1.379	1.469	1.525	1.509	1.519	1.508	1.515	1.509	1.505	1.523	1.508	1.510	1.508	1.531	1.536	1.512	1.516	1.517	1.514	1.513	1.514	1.522	1.504	1.535	1.536	1.577	1.528	1.522	1.551	1.533	1.534	1.525	1.532	1.535	1.535	1.533	1.542	1.560	1.544	1.542	1.554	1.576	1.564	1.566	1.566	1.571	1.571	1.579	1.564	1.580
20:29:35	32.6	1.597	1.605	1.568	1.580	1.590	1.586	1.587	1.587	1.585	1.589	1.587	1.597	0.099	0.099	0.099	0.100	0.098	0.097	0.096	0.098	0.096	0.103	0.098	0.107	1.229	1.146	1.161	1.139	1.154	1.165	1.147	1.169	1.103	1.144	1.141	1.249	1.454	1.361	1.401	1.377	1.409	1.383	1.399	1.408	1.396	1.425	1.378	1.468	1.522	1.506	1.516	1.505	1.511	1.506	1.502	1.520	1.507	1.507	1.507	1.529	1.532	1.509	1.513	1.514	1.511	1.510	1.511	1.520	1.502	1.532	1.535	1.576	1.525	1.518	1.548	1.530	1.531	1.521	1.529	1.533	1.534	1.531	1.541	1.558	1.542	1.539	1.553	1.575	1.563	1.565	1.565	1.570	1.570	1.578	1.563	1.579
20:39:35	32.6	1.565	1.550	1.563	1.579	1.588	1.586	1.585	1.586	1.583	1.589	1.588	1.595	0.098	0.099	0.100	0.098	0.097	0.096	0.096	0.097	0.098	0.099	0.097	0.107	1.207	1.141	1.155	1.134	1.149	1.161	1.143	1.167	1.099	1.141	1.139	1.248	1.453	1.357	1.397	1.374	1.406	1.379	1.397	1.403	1.390	1.417	1.375	1.468	1.520	1.503	1.515	1.502	1.510	1.504	1.500	1.518	1.506	1.505	1.504	1.528	1.531	1.506	1.510	1.511	1.508	1.508	1.510	1.518	1.500	1.530	1.533	1.576	1.522	1.514	1.545	1.528	1.528	1.518	1.526	1.531	1.532	1.529	1.540	1.556	1.540	1.537	1.551	1.575	1.561	1.563	1.564	1.569	1.568	1.577	1.562	1.578
20:49:35	32.6	1.613	1.588	1.568	1.578	1.587	1.585	1.585	1.586	1.583	1.588	1.587	1.593	0.098	0.099	0.103	0.098	0.097	0.096	0.096	0.097	0.098	0.099	0.097	0.107	1.256	1.141	1.157	1.134	1.150	1.163	1.143	1.166	1.096	1.140	1.136	1.248	1.455	1.357	1.398	1.373	1.405	1.379	1.405	1.403	1.391	1.416	1.374	1.468	1.521	1.502	1.514	1.502	1.509	1.504	1.500	1.519	1.504	1.505	1.505	1.528	1.532	1.506	1.509	1.510	1.507	1.507	1.510	1.517	1.499	1.531	1.533	1.575	1.523	1.514	1.546	1.528	1.528	1.518	1.526	1.530	1.531	1.528	1.537	1.556	1.539	1.536	1.552	1.573	1.561	1.563	1.563	1.568	1.568	1.576	1.562	1.578
20:59:35	32.6	1.622	1.664	1.578	1.578	1.587	1.585	1.583	1.584	1.582	1.587	1.586	1.592	0.098	0.098	0.100	0.098	0.097	0.096	0.096	0.098	0.097	0.099	0.098	0.107	1.276	1.141	1.161	1.133	1.151	1.165	1.141	1.163	1.092	1.137	1.134	1.247	1.454	1.356	1.396	1.371	1.404	1.377	1.409	1.402	1.391	1.413	1.381	1.468	1.521	1.500	1.512	1.500	1.507	1.502	1.498	1.517	1.503	1.504	1.503	1.528	1.533	1.504	1.508	1.508	1.506	1.505	1.512	1.516	1.498	1.530	1.532	1.573	1.522	1.512	1.545	1.526	1.526	1.516	1.526	1.529	1.530	1.526	1.535	1.555	1.538	1.534	1.551	1.572	1.560	1.562	1.563	1.567	1.567	1.575	1.560	1.578
21:09:35	32.6	1.624	1.643	1.585	1.577	1.586	1.583	1.583	1.584	1.581	1.587	1.587	1.591	0.098	0.098	0.105	0.098	0.097	0.096	0.096	0.100	0.098	0.099	0.097	0.108	1.282	1.140	1.165	1.130	1.149	1.166	1.138	1.162	1.089	1.135	1.132	1.246	1.454	1.354	1.393	1.369	1.401	1.375	1.407	1.399	1.389	1.410	1.381	1.467	1.521	1.499	1.510	1.499	1.506	1.501	1.497	1.516	1.502	1.502	1.503	1.528	1.533	1.502	1.505	1.506	1.503	1.503	1.509	1.514	1.496	1.529	1.531	1.572	1.522	1.510	1.543	1.525	1.524	1.523	1.525	1.527	1.528	1.523	1.533	1.554	1.537	1.533	1.551	1.571	1.559	1.561	1.561	1.565	1.567	1.574	1.559	1.576
21:19:35	32.6	1.569	1.560	1.563	1.575	1.583	1.582	1.581	1.582	1.580	1.585	1.584	1.591	0.098	0.099	0.102	0.098	0.097	0.096	0.099	0.096	0.097	0.099	0.097	0.108	1.225	1.132	1.146	1.122	1.140	1.156	1.133	1.159	1.085	1.133	1.128	1.246	1.452	1.348	1.391	1.363	1.396	1.369	1.393	1.389	1.383	1.396	1.369	1.467	1.517	1.495	1.507	1.495	1.503	1.497	1.494	1.512	1.501	1.500	1.500	1.528	1.529	1.498	1.502	1.503	1.500	1.500	1.504	1.511	1.495	1.526	1.530	1.574	1.518	1.506	1.538	1.521	1.521	1.512	1.522	1.525	1.527	1.521	1.532	1.552	1.535	1.530	1.549	1.569	1.558	1.560	1.561	1.564	1.566	1.573	1.558	1.575
21:29:35	32.6	1.551	1.541	1.562	1.575	1.581	1.581	1.579	1.581	1.578	1.584	1.585	1.589	0.099	0.098	0.105	0.098	0.097	0.096	0.097	0.096	0.096	0.098	0.097	0.108	1.196	1.126	1.141	1.117	1.133	1.153	1.129	1.156	1.081	1.128	1.126	1.245	1.451	1.344	1.386	1.360	1.391	1.363	1.391	1.364	1.379	1.379	1.364	1.466	1.516	1.493	1.506	1.493	1.501	1.496	1.491	1.510	1.499	1.497	1.497	1.526	1.528	1.496	1.499	1.500	1.498	1.499	1.503	1.510	1.494	1.524	1.528	1.574	1.515	1.503	1.536	1.519	1.518	1.510	1.519	1.523	1.525	1.519	1.531	1.550	1.533	1.530	1.548	1.569	1.556	1.559	1.560	1.565	1.564	1.572	1.557	1.576
21:39:35	32.6	1.571	1.581	1.563	1.574	1.580	1.580	1.578	1.580	1.577	1.582	1.583	1.589	0.098	0.098	0.104	0.098	0.097	0.096	0.096	0.096	0.100	0.098	0.097	0.108	1.244	1.125	1.141	1.116	1.133	1.153	1.127	1.155	1.078	1.126	1.126	1.246	1.451	1.344	1.386	1.358	1.389	1.361	1.393	1.366	1.380	1.378	1.364	1.465	1.517	1.492	1.504	1.492	1.500	1.495	1.490	1.510	1.498	1.497	1.498	1.526	1.528	1.495	1.497	1.499	1.496	1.498	1.502	1.509	1.492	1.524	1.528	1.573	1.514	1.502	1.537	1.519	1.518	1.509	1.519	1.523	1.524	1.518	1.529	1.550	1.532	1.529	1.547	1.567	1.556	1.558	1.560	1.564	1.564	1.571	1.556	1.575
21:49:35	32.6	1.551	1.540	1.561	1.571	1.577	1.578	1.576	1.578	1.576	1.581	1.581	1.589	0.098	0.098	0.103	0.098	0.097	0.096	0.097	0.096	0.097	0.099	0.097	0.110	1.198	1.120	1.135	1.110	1.127	1.150	1.123	1.151	1.073	1.123	1.122	1.246	1.451	1.340	1.382	1.355	1.383	1.357	1.389	1.360	1.377	1.371	1.361	1.465	1.515	1.489	1.501	1.489	1.497	1.492	1.488	1.507	1.496	1.494	1.495	1.525	1.526	1.492	1.495	1.496	1.493	1.496	1.500	1.508	1.491	1.522	1.526	1.573	1.512	1.499	1.534	1.516	1.515	1.507	1.517	1.520	1.522	1.515	1.528	1.548	1.529	1.527	1.546	1.566	1.554	1.557	1.559	1.564	1.563	1.569	1.556	1.573
21:59:35	32.6	1.565	1.555	1.561	1.570	1.576	1.577	1.575	1.577	1.576	1.580	1.580	1.588	0.098	0.098	0.104	0.098	0.098	0.096	0.096	0.096	0.096	0.098	0.097	0.108	1.231	1.119	1.134	1.107	1.126	1.148	1.122	1.150	1.070	1.121	1.121	1.245	1.454	1.339	1.381	1.353	1.381	1.355	1.390	1.359	1.376	1.370	1.360	1.465	1.515	1.488	1.500	1.488	1.496	1.491	1.487	1.507	1.494	1.494	1.495	1.526	1.526	1.491	1.494	1.495	1.493	1.495	1.499	1.506	1.490	1.521	1.526	1.573	1.510	1.498	1.534	1.515	1.514	1.505	1.517	1.519	1.521	1.514	1.526	1.548	1.529	1.526	1.546	1.564	1.554	1.556	1.559	1.563	1.562	1.569	1.555	1.572
22:09:35	32.6	1.555	1.541	1.559	1.569	1.575	1.574	1.574	1.575	1.573	1.579	1.579	1.587	0.099	0.098	0.102	0.099	0.097	0.096	0.096	0.096	0.096	0.098	0.097	0.108	1.200	1.114	1.130	1.103	1.120	1.146	1.119	1.147	1.067	1.117	1.118	1.244	1.452	1.335	1.377	1.350	1.377	1.352	1.387	1.357	1.374	1.367	1.357	1.464	1.514	1.486	1.497	1.486	1.495	1.489	1.485	1.505	1.494	1.491	1.493	1.525	1.525	1.489	1.491	1.493	1.490	1.494	1.498	1.505	1.490	1.519	1.525	1.573	1.508	1.496	1.531	1.513	1.512	1.504	1.516	1.517	1.520	1.512	1.525	1.546	1.527	1.525	1.545	1.563	1.553	1.556	1.558	1.565	1.561	1.568	1.554	1.571
22:19:35	32.6	1.554	1.541	1.559	1.568	1.574	1.573	1.572	1.574	1.571	1.578	1.579	1.587	0.098	0.097	0.100	0.099	0.098	0.095	0.096	0.096	0.096	0.098	0.104	0.108	1.206	1.111	1.127	1.100	1.117	1.144	1.115	1.143	1.063	1.116	1.116	1.244	1.452	1.333	1.376	1.348	1.375	1.349	1.386	1.355	1.373	1.365	1.355	1.464	1.513	1.484	1.495	1.484	1.492	1.487	1.483	1.504	1.493	1.490	1.492	1.526	1.524	1.487	1.489	1.491	1.489	1.492	1.497	1.504	1.489	1.518	1.523	1.572	1.507	1.494	1.529	1.512	1.509	1.502	1.514	1.516	1.518	1.510	1.523	1.545	1.525	1.524	1.545	1.562	1.553	1.554	1.558	1.565	1.560	1.567	1.553	1.572
22:29:35	32.6	1.554	1.540	1.557	1.567	1.573	1.571	1.570	1.573	1.570	1.578	1.577	1.587	0.098	0.097	0.100	0.097	0.097	0.095	0.101	0.096	0.096	0.098	0.097	0.114	1.188	1.107	1.123	1.095	1.112	1.142	1.111	1.141	1.059	1.113	1.115	1.244	1.452	1.331	1.372	1.345	1.370	1.347	1.385	1.351	1.369	1.362	1.353	1.463	1.512	1.482	1.493	1.482	1.490	1.485	1.481	1.502	1.491	1.488	1.491	1.525	1.524	1.486	1.487	1.489	1.487	1.491	1.495	1.502	1.488	1.516	1.522	1.572	1.505	1.492	1.528	1.510	1.508	1.501	1.513	1.514	1.517	1.509	1.522	1.544	1.525	1.522	1.543	1.561	1.553	1.554	1.558	1.566	1.558	1.566	1.553	1.571
22:39:35	32.6	1.554	1.542	1.557	1.565	1.573	1.569	1.569	1.571	1.569	1.577	1.576	1.587	0.098	0.097	0.100	0.097	0.097	0.095	0.095	0.096	0.096	0.098	0.096	0.111	1.198	1.105	1.121	1.092	1.108	1.140	1.109	1.138	1.054	1.111	1.112	1.243	1.452	1.328	1.370	1.341	1.367	1.344	1.385	1.350	1.366	1.359	1.351	1.462	1.511	1.480	1.491	1.480	1.488	1.484	1.479	1.501	1.490	1.487	1.489	1.525	1.524	1.484	1.486	1.488	1.485	1.491	1.494	1.501	1.487	1.515	1.521	1.571	1.503	1.490	1.527	1.509	1.507	1.499	1.512	1.513	1.516	1.508	1.520	1.541	1.525	1.522	1.542	1.560	1.552	1.553	1.559	1.565	1.557	1.564	1.551	1.571
22:49:35	32.6	1.554	1.540	1.556	1.564	1.574	1.567	1.567	1.569	1.568	1.577	1.575	1.586	0.098	0.098	0.101	0.097	0.098	0.095	0.095	0.096	0.096	0.098	0.097	0.109	1.186	1.101	1.116	1.089	1.105	1.138	1.106	1.135	1.052	1.109	1.110	1.242	1.452	1.325	1.367	1.338	1.364	1.342	1.383	1.348	1.365	1.358	1.348	1.462	1.510	1.478	1.488	1.478	1.486	1.481	1.477	1.499	1.487	1.485	1.488	1.524	1.523	1.482	1.483	1.486	1.484	1.491	1.493	1.500	1.486	1.514	1.519	1.571	1.502	1.488	1.526	1.507	1.505	1.498	1.510	1.511	1.514	1.506	1.519	1.540	1.524	1.520	1.541	1.558	1.553	1.552	1.558	1.564	1.556	1.563	1.551	1.571
22:59:35	32.6	1.554	1.542	1.555	1.562	1.573	1.567	1.565	1.568	1.569	1.576	1.576	1.587	0.098	0.097	0.101	0.097	0.098	0.095	0.096	0.096	0.096	0.098	0.096	0.109	1.221	1.101	1.117	1.086	1.103	1.139	1.105	1.133	1.048	1.106	1.108	1.242	1.455	1.325	1.367	1.336	1.362	1.341	1.384	1.347	1.364	1.357	1.370	1.461	1.510	1.478	1.487	1.477	1.485	1.481	1.476	1.500	1.487	1.485	1.488	1.524	1.523	1.481	1.483	1.485	1.483	1.490	1.492	1.500	1.485	1.513	1.519	1.570	1.501	1.487	1.525	1.507	1.505	1.497	1.510	1.511	1.513	1.505	1.517	1.540	1.524	1.520	1.540	1.557	1.552	1.551	1.557	1.563	1.553	1.562	1.550	1.570
23:09:35	32.6	1.555	1.546	1.554	1.560	1.572	1.566	1.563	1.567	1.568	1.576	1.575	1.587	0.098	0.097	0.097	0.097	0.097	0.095	0.095	0.096	0.096	0.098	0.096	0.109	1.243	1.099	1.116	1.084	1.103	1.139	1.101	1.131	1.043	1.104	1.107	1.242	1.454	1.323	1.365	1.335	1.361	1.339	1.384	1.346	1.362	1.356	1.392	1.460	1.510	1.475	1.485	1.476	1.484	1.479	1.475	1.499	1.485	1.484	1.487	1.524	1.524	1.480	1.481	1.484	1.481	1.489	1.491	1.499	1.484	1.512	1.518	1.570	1.502	1.486	1.524	1.505	1.505	1.496	1.509	1.509	1.512	1.503	1.515	1.539	1.524	1.519	1.539	1.555	1.551	1.549	1.556	1.561	1.552	1.561	1.549	1.569
23:19:35	32.6	1.552	1.540	1.552	1.558	1.570	1.565	1.562	1.566	1.567	1.576	1.574	1.587	0.098	0.097	0.098	0.097	0.098	0.095	0.095	0.096	0.097	0.098	0.096	0.108	1.206	1.095	1.113	1.080	1.099	1.136	1.098	1.128	1.040	1.102	1.103	1.242	1.453	1.321	1.363	1.333	1.357	1.336	1.381	1.343	1.360	1.353	1.364	1.460	1.509	1.473	1.483	1.474	1.482	1.477	1.473	1.497	1.484	1.482	1.484	1.523	1.522	1.477	1.479	1.483	1.480	1.487	1.490	1.498	1.483	1.511	1.517	1.569	1.500	1.484	1.522	1.503	1.503	1.494	1.507	1.507	1.511	1.502	1.514	1.539	1.523	1.518	1.538	1.555	1.551	1.549	1.556	1.560	1.552	1.560	1.548	1.569
23:29:35	32.6	1.553	1.541	1.551	1.557	1.569	1.564	1.561	1.565	1.566	1.576	1.573	1.587	0.098	0.097	0.097	0.097	0.105	0.095	0.095	0.096	0.097	0.098	0.096	0.107	1.234	1.100	1.119	1.082	1.103	1.139	1.096	1.127	1.037	1.099	1.101	1.242	1.450	1.321	1.361	1.331	1.359	1.336	1.383	1.343	1.359	1.353	1.378	1.459	1.510	1.472	1.481	1.473	1.480	1.475	1.472	1.497	1.483	1.482	1.484	1.523	1.523	1.477	1.479	1.483	1.478	1.485	1.489	1.497	1.482	1.509	1.516	1.568	1.498	1.483	1.522	1.502	1.502	1.493	1.507	1.507	1.510	1.500	1.512	1.537	1.522	1.517	1.537	1.552	1.551	1.548	1.555	1.560	1.551	1.560	1.547	1.569
23:39:35	32.6	1.550	1.538	1.550	1.555	1.566	1.563	1.560	1.565	1.565	1.575	1.572	1.586	0.098	0.097	0.097	0.097	0.097	0.095	0.096	0.095	0.096	0.098	0.096	0.107	1.211	1.095	1.112	1.077	1.096	1.133	1.092	1.123	1.032	1.095	1.099	1.242	1.448	1.318	1.358	1.328	1.353	1.332	1.379	1.341	1.356	1.350	1.356	1.458	1.508	1.470	1.479	1.471	1.477	1.473	1.469	1.495	1.481	1.479	1.482	1.521	1.522	1.475	1.476	1.482	1.476	1.483	1.487	1.495	1.480	1.507	1.515	1.568	1.496	1.480	1.519	1.500	1.500	1.491	1.505	1.505	1.508	1.499	1.511	1.537	1.521	1.516	1.536	1.551	1.551	1.546	1.554	1.559	1.550	1.559	1.545	1.567
23:49:35	32.6	1.548	1.536	1.549	1.554	1.565	1.562	1.559	1.564	1.565	1.575	1.572	1.586	0.097	0.097	0.106	0.097	0.097	0.095	0.095	0.095	0.095	0.098	0.096	0.109	1.181	1.088	1.104	1.070	1.088	1.131	1.087	1.121	1.029	1.093	1.098	1.241	1.444	1.315	1.354	1.324	1.349	1.329	1.377	1.337	1.352	1.347	1.342	1.458	1.506	1.468	1.475	1.468	1.475	1.471	1.466	1.492	1.478	1.476	1.480	1.521	1.520	1.473	1.474	1.482	1.475	1.482	1.485	1.494	1.479	1.504	1.513	1.569	1.494	1.478	1.517	1.498	1.498	1.489	1.503	1.503	1.507	1.497	1.509	1.535	1.520	1.515	1.535	1.550	1.550	1.546	1.554	1.558	1.550	1.558	1.545	1.567
23:59:35	32.6	1.548	1.536	1.548	1.553	1.564	1.561	1.558	1.563	1.564	1.574	1.572	1.585	0.098	0.097	0.100	0.097	0.097	0.095	0.095	0.095	0.095	0.098	0.098	0.107	1.166	1.081	1.100	1.066	1.083	1.130	1.084	1.117	1.024	1.091	1.097	1.241	1.441	1.312	1.352	1.322	1.346	1.327	1.376	1.334	1.350	1.344	1.339	1.457	1.505	1.465	1.473	1.466	1.473	1.469	1.464	1.490	1.477	1.474	1.478	1.520	1.519	1.471	1.472	1.481	1.473	1.481	1.484	1.492	1.478	1.503	1.512	1.569	1.493	1.476	1.514	1.496	1.496	1.487	1.501	1.501	1.505	1.496	1.508	1.534	1.518	1.514	1.534	1.550	1.550	1.545	1.553	1.558	1.549	1.558	1.544	1.566
24:09:35	32.6	1.547	1.536	1.546	1.552	1.563	1.560	1.557	1.562	1.564	1.574	1.572	1.585	0.097	0.097	0.099	0.097	0.097	0.095	0.095	0.095	0.097	0.098	0.096	0.107	1.177	1.079	1.097	1.062	1.081	1.128	1.080	1.113	1.020	1.088	1.095	1.240	1.440	1.310	1.350	1.319	1.343	1.325	1.375	1.333	1.347	1.343	1.338	1.456	1.505	1.464	1.471	1.464	1.471	1.468	1.463	1.489	1.475	1.473	1.477	1.519	1.518	1.470	1.470	1.480	1.472	1.480	1.482	1.491	1.477	1.501	1.511	1.567	1.493	1.475	1.513	1.495	1.494	1.486	1.500	1.500	1.504	1.495	1.507	1.533	1.518	1.513	1.534	1.548	1.549	1.545	1.552	1.557	1.549	1.557	1.543	1.565

